1	0	0	
2	0.025	0	
3	0.05	0	
4	0.075	0	
5	0.1	0	
6	0.125	0	
7	0.15	0	
8	0.175	0	
9	0.2	0	
10	0.225	0	
11	0.25	0	
12	0.275	0	
13	0.3	0	
14	0.325	0	
15	0.35	0	
16	0.375	0	
17	0.4	0	
18	0.425	0	
19	0.45	0	
20	0.475	0	
21	0.5	0	
22	0.525	0	
23	0.55	0	
24	0.575	0	
25	0.6	0	
26	0.625	0	
27	0.65	0	
28	0.675	0	
29	0.7	0	
30	0.725	0	
31	0.75	0	
32	0.775	0	
33	0.8	0	
34	0.825	0	
35	0.85	0	
36	0.875	0	
37	0.9	0	
38	0.925	0	
39	0.95	0	
40	0.975	0	
41	1	0	
42	1.025	0	
43	1.05	0	
44	1.075	0	
45	1.1	0	
46	1.125	0	
47	1.15	0	
48	1.175	0	
49	1.2	0	
50	1.225	0	
51	1.25	0	
52	1.275	0	
53	1.3	0	
54	1.325	0	
55	1.35	0	
56	1.375	0	
57	1.4	0	
58	1.425	0	
59	1.45	0	
60	1.475	0	
61	1.5	0	
62	1.525	0	
63	1.55	0	
64	1.575	0	
65	1.6	0	
66	1.625	0	
67	1.65	0	
68	1.675	0	
69	1.7	0	
70	1.725	0	
71	1.75	0	
72	1.775	0	
73	1.8	0	
74	1.825	0	
75	1.85	0	
76	1.875	0	
77	1.9	0	
78	1.925	0	
79	1.95	0	
80	1.975	0	
81	2	0	
82	2.025	0	
83	2.05	0	
84	2.075	0	
85	2.1	0	
86	2.125	0	
87	2.15	0	
88	2.175	0	
89	2.2	0	
90	2.225	0	
91	2.25	0	
92	2.275	0	
93	2.3	0	
94	2.325	0	
95	2.35	0	
96	2.375	0	
97	2.4	0	
98	2.425	0	
99	2.45	0	
100	2.475	0	
101	2.5	0	
102	2.525	0	
103	2.55	0	
104	2.575	0	
105	2.6	0	
106	2.625	0	
107	2.65	0	
108	2.675	0	
109	2.7	0	
110	2.725	0	
111	2.75	0	
112	2.775	0	
113	2.8	0	
114	2.825	0	
115	2.85	0	
116	2.875	0	
117	2.9	0	
118	2.925	0	
119	2.95	0	
120	2.975	0	
121	3	0	
122	0	0.025	
123	0.025	0.025	
124	0.05	0.025	
125	0.075	0.025	
126	0.1	0.025	
127	0.125	0.025	
128	0.15	0.025	
129	0.175	0.025	
130	0.2	0.025	
131	0.225	0.025	
132	0.25	0.025	
133	0.275	0.025	
134	0.3	0.025	
135	0.325	0.025	
136	0.35	0.025	
137	0.375	0.025	
138	0.4	0.025	
139	0.425	0.025	
140	0.45	0.025	
141	0.475	0.025	
142	0.5	0.025	
143	0.525	0.025	
144	0.55	0.025	
145	0.575	0.025	
146	0.6	0.025	
147	0.625	0.025	
148	0.65	0.025	
149	0.675	0.025	
150	0.7	0.025	
151	0.725	0.025	
152	0.75	0.025	
153	0.775	0.025	
154	0.8	0.025	
155	0.825	0.025	
156	0.85	0.025	
157	0.875	0.025	
158	0.9	0.025	
159	0.925	0.025	
160	0.95	0.025	
161	0.975	0.025	
162	1	0.025	
163	1.025	0.025	
164	1.05	0.025	
165	1.075	0.025	
166	1.1	0.025	
167	1.125	0.025	
168	1.15	0.025	
169	1.175	0.025	
170	1.2	0.025	
171	1.225	0.025	
172	1.25	0.025	
173	1.275	0.025	
174	1.3	0.025	
175	1.325	0.025	
176	1.35	0.025	
177	1.375	0.025	
178	1.4	0.025	
179	1.425	0.025	
180	1.45	0.025	
181	1.475	0.025	
182	1.5	0.025	
183	1.525	0.025	
184	1.55	0.025	
185	1.575	0.025	
186	1.6	0.025	
187	1.625	0.025	
188	1.65	0.025	
189	1.675	0.025	
190	1.7	0.025	
191	1.725	0.025	
192	1.75	0.025	
193	1.775	0.025	
194	1.8	0.025	
195	1.825	0.025	
196	1.85	0.025	
197	1.875	0.025	
198	1.9	0.025	
199	1.925	0.025	
200	1.95	0.025	
201	1.975	0.025	
202	2	0.025	
203	2.025	0.025	
204	2.05	0.025	
205	2.075	0.025	
206	2.1	0.025	
207	2.125	0.025	
208	2.15	0.025	
209	2.175	0.025	
210	2.2	0.025	
211	2.225	0.025	
212	2.25	0.025	
213	2.275	0.025	
214	2.3	0.025	
215	2.325	0.025	
216	2.35	0.025	
217	2.375	0.025	
218	2.4	0.025	
219	2.425	0.025	
220	2.45	0.025	
221	2.475	0.025	
222	2.5	0.025	
223	2.525	0.025	
224	2.55	0.025	
225	2.575	0.025	
226	2.6	0.025	
227	2.625	0.025	
228	2.65	0.025	
229	2.675	0.025	
230	2.7	0.025	
231	2.725	0.025	
232	2.75	0.025	
233	2.775	0.025	
234	2.8	0.025	
235	2.825	0.025	
236	2.85	0.025	
237	2.875	0.025	
238	2.9	0.025	
239	2.925	0.025	
240	2.95	0.025	
241	2.975	0.025	
242	3	0.025	
243	0	0.05	
244	0.025	0.05	
245	0.05	0.05	
246	0.075	0.05	
247	0.1	0.05	
248	0.125	0.05	
249	0.15	0.05	
250	0.175	0.05	
251	0.2	0.05	
252	0.225	0.05	
253	0.25	0.05	
254	0.275	0.05	
255	0.3	0.05	
256	0.325	0.05	
257	0.35	0.05	
258	0.375	0.05	
259	0.4	0.05	
260	0.425	0.05	
261	0.45	0.05	
262	0.475	0.05	
263	0.5	0.05	
264	0.525	0.05	
265	0.55	0.05	
266	0.575	0.05	
267	0.6	0.05	
268	0.625	0.05	
269	0.65	0.05	
270	0.675	0.05	
271	0.7	0.05	
272	0.725	0.05	
273	0.75	0.05	
274	0.775	0.05	
275	0.8	0.05	
276	0.825	0.05	
277	0.85	0.05	
278	0.875	0.05	
279	0.9	0.05	
280	0.925	0.05	
281	0.95	0.05	
282	0.975	0.05	
283	1	0.05	
284	1.025	0.05	
285	1.05	0.05	
286	1.075	0.05	
287	1.1	0.05	
288	1.125	0.05	
289	1.15	0.05	
290	1.175	0.05	
291	1.2	0.05	
292	1.225	0.05	
293	1.25	0.05	
294	1.275	0.05	
295	1.3	0.05	
296	1.325	0.05	
297	1.35	0.05	
298	1.375	0.05	
299	1.4	0.05	
300	1.425	0.05	
301	1.45	0.05	
302	1.475	0.05	
303	1.5	0.05	
304	1.525	0.05	
305	1.55	0.05	
306	1.575	0.05	
307	1.6	0.05	
308	1.625	0.05	
309	1.65	0.05	
310	1.675	0.05	
311	1.7	0.05	
312	1.725	0.05	
313	1.75	0.05	
314	1.775	0.05	
315	1.8	0.05	
316	1.825	0.05	
317	1.85	0.05	
318	1.875	0.05	
319	1.9	0.05	
320	1.925	0.05	
321	1.95	0.05	
322	1.975	0.05	
323	2	0.05	
324	2.025	0.05	
325	2.05	0.05	
326	2.075	0.05	
327	2.1	0.05	
328	2.125	0.05	
329	2.15	0.05	
330	2.175	0.05	
331	2.2	0.05	
332	2.225	0.05	
333	2.25	0.05	
334	2.275	0.05	
335	2.3	0.05	
336	2.325	0.05	
337	2.35	0.05	
338	2.375	0.05	
339	2.4	0.05	
340	2.425	0.05	
341	2.45	0.05	
342	2.475	0.05	
343	2.5	0.05	
344	2.525	0.05	
345	2.55	0.05	
346	2.575	0.05	
347	2.6	0.05	
348	2.625	0.05	
349	2.65	0.05	
350	2.675	0.05	
351	2.7	0.05	
352	2.725	0.05	
353	2.75	0.05	
354	2.775	0.05	
355	2.8	0.05	
356	2.825	0.05	
357	2.85	0.05	
358	2.875	0.05	
359	2.9	0.05	
360	2.925	0.05	
361	2.95	0.05	
362	2.975	0.05	
363	3	0.05	
364	0	0.075	
365	0.025	0.075	
366	0.05	0.075	
367	0.075	0.075	
368	0.1	0.075	
369	0.125	0.075	
370	0.15	0.075	
371	0.175	0.075	
372	0.2	0.075	
373	0.225	0.075	
374	0.25	0.075	
375	0.275	0.075	
376	0.3	0.075	
377	0.325	0.075	
378	0.35	0.075	
379	0.375	0.075	
380	0.4	0.075	
381	0.425	0.075	
382	0.45	0.075	
383	0.475	0.075	
384	0.5	0.075	
385	0.525	0.075	
386	0.55	0.075	
387	0.575	0.075	
388	0.6	0.075	
389	0.625	0.075	
390	0.65	0.075	
391	0.675	0.075	
392	0.7	0.075	
393	0.725	0.075	
394	0.75	0.075	
395	0.775	0.075	
396	0.8	0.075	
397	0.825	0.075	
398	0.85	0.075	
399	0.875	0.075	
400	0.9	0.075	
401	0.925	0.075	
402	0.95	0.075	
403	0.975	0.075	
404	1	0.075	
405	1.025	0.075	
406	1.05	0.075	
407	1.075	0.075	
408	1.1	0.075	
409	1.125	0.075	
410	1.15	0.075	
411	1.175	0.075	
412	1.2	0.075	
413	1.225	0.075	
414	1.25	0.075	
415	1.275	0.075	
416	1.3	0.075	
417	1.325	0.075	
418	1.35	0.075	
419	1.375	0.075	
420	1.4	0.075	
421	1.425	0.075	
422	1.45	0.075	
423	1.475	0.075	
424	1.5	0.075	
425	1.525	0.075	
426	1.55	0.075	
427	1.575	0.075	
428	1.6	0.075	
429	1.625	0.075	
430	1.65	0.075	
431	1.675	0.075	
432	1.7	0.075	
433	1.725	0.075	
434	1.75	0.075	
435	1.775	0.075	
436	1.8	0.075	
437	1.825	0.075	
438	1.85	0.075	
439	1.875	0.075	
440	1.9	0.075	
441	1.925	0.075	
442	1.95	0.075	
443	1.975	0.075	
444	2	0.075	
445	2.025	0.075	
446	2.05	0.075	
447	2.075	0.075	
448	2.1	0.075	
449	2.125	0.075	
450	2.15	0.075	
451	2.175	0.075	
452	2.2	0.075	
453	2.225	0.075	
454	2.25	0.075	
455	2.275	0.075	
456	2.3	0.075	
457	2.325	0.075	
458	2.35	0.075	
459	2.375	0.075	
460	2.4	0.075	
461	2.425	0.075	
462	2.45	0.075	
463	2.475	0.075	
464	2.5	0.075	
465	2.525	0.075	
466	2.55	0.075	
467	2.575	0.075	
468	2.6	0.075	
469	2.625	0.075	
470	2.65	0.075	
471	2.675	0.075	
472	2.7	0.075	
473	2.725	0.075	
474	2.75	0.075	
475	2.775	0.075	
476	2.8	0.075	
477	2.825	0.075	
478	2.85	0.075	
479	2.875	0.075	
480	2.9	0.075	
481	2.925	0.075	
482	2.95	0.075	
483	2.975	0.075	
484	3	0.075	
485	0	0.1	
486	0.025	0.1	
487	0.05	0.1	
488	0.075	0.1	
489	0.1	0.1	
490	0.125	0.1	
491	0.15	0.1	
492	0.175	0.1	
493	0.2	0.1	
494	0.225	0.1	
495	0.25	0.1	
496	0.275	0.1	
497	0.3	0.1	
498	0.325	0.1	
499	0.35	0.1	
500	0.375	0.1	
501	0.4	0.1	
502	0.425	0.1	
503	0.45	0.1	
504	0.475	0.1	
505	0.5	0.1	
506	0.525	0.1	
507	0.55	0.1	
508	0.575	0.1	
509	0.6	0.1	
510	0.625	0.1	
511	0.65	0.1	
512	0.675	0.1	
513	0.7	0.1	
514	0.725	0.1	
515	0.75	0.1	
516	0.775	0.1	
517	0.8	0.1	
518	0.825	0.1	
519	0.85	0.1	
520	0.875	0.1	
521	0.9	0.1	
522	0.925	0.1	
523	0.95	0.1	
524	0.975	0.1	
525	1	0.1	
526	1.025	0.1	
527	1.05	0.1	
528	1.075	0.1	
529	1.1	0.1	
530	1.125	0.1	
531	1.15	0.1	
532	1.175	0.1	
533	1.2	0.1	
534	1.225	0.1	
535	1.25	0.1	
536	1.275	0.1	
537	1.3	0.1	
538	1.325	0.1	
539	1.35	0.1	
540	1.375	0.1	
541	1.4	0.1	
542	1.425	0.1	
543	1.45	0.1	
544	1.475	0.1	
545	1.5	0.1	
546	1.525	0.1	
547	1.55	0.1	
548	1.575	0.1	
549	1.6	0.1	
550	1.625	0.1	
551	1.65	0.1	
552	1.675	0.1	
553	1.7	0.1	
554	1.725	0.1	
555	1.75	0.1	
556	1.775	0.1	
557	1.8	0.1	
558	1.825	0.1	
559	1.85	0.1	
560	1.875	0.1	
561	1.9	0.1	
562	1.925	0.1	
563	1.95	0.1	
564	1.975	0.1	
565	2	0.1	
566	2.025	0.1	
567	2.05	0.1	
568	2.075	0.1	
569	2.1	0.1	
570	2.125	0.1	
571	2.15	0.1	
572	2.175	0.1	
573	2.2	0.1	
574	2.225	0.1	
575	2.25	0.1	
576	2.275	0.1	
577	2.3	0.1	
578	2.325	0.1	
579	2.35	0.1	
580	2.375	0.1	
581	2.4	0.1	
582	2.425	0.1	
583	2.45	0.1	
584	2.475	0.1	
585	2.5	0.1	
586	2.525	0.1	
587	2.55	0.1	
588	2.575	0.1	
589	2.6	0.1	
590	2.625	0.1	
591	2.65	0.1	
592	2.675	0.1	
593	2.7	0.1	
594	2.725	0.1	
595	2.75	0.1	
596	2.775	0.1	
597	2.8	0.1	
598	2.825	0.1	
599	2.85	0.1	
600	2.875	0.1	
601	2.9	0.1	
602	2.925	0.1	
603	2.95	0.1	
604	2.975	0.1	
605	3	0.1	
606	0	0.125	
607	0.025	0.125	
608	0.05	0.125	
609	0.075	0.125	
610	0.1	0.125	
611	0.125	0.125	
612	0.15	0.125	
613	0.175	0.125	
614	0.2	0.125	
615	0.225	0.125	
616	0.25	0.125	
617	0.275	0.125	
618	0.3	0.125	
619	0.325	0.125	
620	0.35	0.125	
621	0.375	0.125	
622	0.4	0.125	
623	0.425	0.125	
624	0.45	0.125	
625	0.475	0.125	
626	0.5	0.125	
627	0.525	0.125	
628	0.55	0.125	
629	0.575	0.125	
630	0.6	0.125	
631	0.625	0.125	
632	0.65	0.125	
633	0.675	0.125	
634	0.7	0.125	
635	0.725	0.125	
636	0.75	0.125	
637	0.775	0.125	
638	0.8	0.125	
639	0.825	0.125	
640	0.85	0.125	
641	0.875	0.125	
642	0.9	0.125	
643	0.925	0.125	
644	0.95	0.125	
645	0.975	0.125	
646	1	0.125	
647	1.025	0.125	
648	1.05	0.125	
649	1.075	0.125	
650	1.1	0.125	
651	1.125	0.125	
652	1.15	0.125	
653	1.175	0.125	
654	1.2	0.125	
655	1.225	0.125	
656	1.25	0.125	
657	1.275	0.125	
658	1.3	0.125	
659	1.325	0.125	
660	1.35	0.125	
661	1.375	0.125	
662	1.4	0.125	
663	1.425	0.125	
664	1.45	0.125	
665	1.475	0.125	
666	1.5	0.125	
667	1.525	0.125	
668	1.55	0.125	
669	1.575	0.125	
670	1.6	0.125	
671	1.625	0.125	
672	1.65	0.125	
673	1.675	0.125	
674	1.7	0.125	
675	1.725	0.125	
676	1.75	0.125	
677	1.775	0.125	
678	1.8	0.125	
679	1.825	0.125	
680	1.85	0.125	
681	1.875	0.125	
682	1.9	0.125	
683	1.925	0.125	
684	1.95	0.125	
685	1.975	0.125	
686	2	0.125	
687	2.025	0.125	
688	2.05	0.125	
689	2.075	0.125	
690	2.1	0.125	
691	2.125	0.125	
692	2.15	0.125	
693	2.175	0.125	
694	2.2	0.125	
695	2.225	0.125	
696	2.25	0.125	
697	2.275	0.125	
698	2.3	0.125	
699	2.325	0.125	
700	2.35	0.125	
701	2.375	0.125	
702	2.4	0.125	
703	2.425	0.125	
704	2.45	0.125	
705	2.475	0.125	
706	2.5	0.125	
707	2.525	0.125	
708	2.55	0.125	
709	2.575	0.125	
710	2.6	0.125	
711	2.625	0.125	
712	2.65	0.125	
713	2.675	0.125	
714	2.7	0.125	
715	2.725	0.125	
716	2.75	0.125	
717	2.775	0.125	
718	2.8	0.125	
719	2.825	0.125	
720	2.85	0.125	
721	2.875	0.125	
722	2.9	0.125	
723	2.925	0.125	
724	2.95	0.125	
725	2.975	0.125	
726	3	0.125	
727	0	0.15	
728	0.025	0.15	
729	0.05	0.15	
730	0.075	0.15	
731	0.1	0.15	
732	0.125	0.15	
733	0.15	0.15	
734	0.175	0.15	
735	0.2	0.15	
736	0.225	0.15	
737	0.25	0.15	
738	0.275	0.15	
739	0.3	0.15	
740	0.325	0.15	
741	0.35	0.15	
742	0.375	0.15	
743	0.4	0.15	
744	0.425	0.15	
745	0.45	0.15	
746	0.475	0.15	
747	0.5	0.15	
748	0.525	0.15	
749	0.55	0.15	
750	0.575	0.15	
751	0.6	0.15	
752	0.625	0.15	
753	0.65	0.15	
754	0.675	0.15	
755	0.7	0.15	
756	0.725	0.15	
757	0.75	0.15	
758	0.775	0.15	
759	0.8	0.15	
760	0.825	0.15	
761	0.85	0.15	
762	0.875	0.15	
763	0.9	0.15	
764	0.925	0.15	
765	0.95	0.15	
766	0.975	0.15	
767	1	0.15	
768	1.025	0.15	
769	1.05	0.15	
770	1.075	0.15	
771	1.1	0.15	
772	1.125	0.15	
773	1.15	0.15	
774	1.175	0.15	
775	1.2	0.15	
776	1.225	0.15	
777	1.25	0.15	
778	1.275	0.15	
779	1.3	0.15	
780	1.325	0.15	
781	1.35	0.15	
782	1.375	0.15	
783	1.4	0.15	
784	1.425	0.15	
785	1.45	0.15	
786	1.475	0.15	
787	1.5	0.15	
788	1.525	0.15	
789	1.55	0.15	
790	1.575	0.15	
791	1.6	0.15	
792	1.625	0.15	
793	1.65	0.15	
794	1.675	0.15	
795	1.7	0.15	
796	1.725	0.15	
797	1.75	0.15	
798	1.775	0.15	
799	1.8	0.15	
800	1.825	0.15	
801	1.85	0.15	
802	1.875	0.15	
803	1.9	0.15	
804	1.925	0.15	
805	1.95	0.15	
806	1.975	0.15	
807	2	0.15	
808	2.025	0.15	
809	2.05	0.15	
810	2.075	0.15	
811	2.1	0.15	
812	2.125	0.15	
813	2.15	0.15	
814	2.175	0.15	
815	2.2	0.15	
816	2.225	0.15	
817	2.25	0.15	
818	2.275	0.15	
819	2.3	0.15	
820	2.325	0.15	
821	2.35	0.15	
822	2.375	0.15	
823	2.4	0.15	
824	2.425	0.15	
825	2.45	0.15	
826	2.475	0.15	
827	2.5	0.15	
828	2.525	0.15	
829	2.55	0.15	
830	2.575	0.15	
831	2.6	0.15	
832	2.625	0.15	
833	2.65	0.15	
834	2.675	0.15	
835	2.7	0.15	
836	2.725	0.15	
837	2.75	0.15	
838	2.775	0.15	
839	2.8	0.15	
840	2.825	0.15	
841	2.85	0.15	
842	2.875	0.15	
843	2.9	0.15	
844	2.925	0.15	
845	2.95	0.15	
846	2.975	0.15	
847	3	0.15	
848	0	0.175	
849	0.025	0.175	
850	0.05	0.175	
851	0.075	0.175	
852	0.1	0.175	
853	0.125	0.175	
854	0.15	0.175	
855	0.175	0.175	
856	0.2	0.175	
857	0.225	0.175	
858	0.25	0.175	
859	0.275	0.175	
860	0.3	0.175	
861	0.325	0.175	
862	0.35	0.175	
863	0.375	0.175	
864	0.4	0.175	
865	0.425	0.175	
866	0.45	0.175	
867	0.475	0.175	
868	0.5	0.175	
869	0.525	0.175	
870	0.55	0.175	
871	0.575	0.175	
872	0.6	0.175	
873	0.625	0.175	
874	0.65	0.175	
875	0.675	0.175	
876	0.7	0.175	
877	0.725	0.175	
878	0.75	0.175	
879	0.775	0.175	
880	0.8	0.175	
881	0.825	0.175	
882	0.85	0.175	
883	0.875	0.175	
884	0.9	0.175	
885	0.925	0.175	
886	0.95	0.175	
887	0.975	0.175	
888	1	0.175	
889	1.025	0.175	
890	1.05	0.175	
891	1.075	0.175	
892	1.1	0.175	
893	1.125	0.175	
894	1.15	0.175	
895	1.175	0.175	
896	1.2	0.175	
897	1.225	0.175	
898	1.25	0.175	
899	1.275	0.175	
900	1.3	0.175	
901	1.325	0.175	
902	1.35	0.175	
903	1.375	0.175	
904	1.4	0.175	
905	1.425	0.175	
906	1.45	0.175	
907	1.475	0.175	
908	1.5	0.175	
909	1.525	0.175	
910	1.55	0.175	
911	1.575	0.175	
912	1.6	0.175	
913	1.625	0.175	
914	1.65	0.175	
915	1.675	0.175	
916	1.7	0.175	
917	1.725	0.175	
918	1.75	0.175	
919	1.775	0.175	
920	1.8	0.175	
921	1.825	0.175	
922	1.85	0.175	
923	1.875	0.175	
924	1.9	0.175	
925	1.925	0.175	
926	1.95	0.175	
927	1.975	0.175	
928	2	0.175	
929	2.025	0.175	
930	2.05	0.175	
931	2.075	0.175	
932	2.1	0.175	
933	2.125	0.175	
934	2.15	0.175	
935	2.175	0.175	
936	2.2	0.175	
937	2.225	0.175	
938	2.25	0.175	
939	2.275	0.175	
940	2.3	0.175	
941	2.325	0.175	
942	2.35	0.175	
943	2.375	0.175	
944	2.4	0.175	
945	2.425	0.175	
946	2.45	0.175	
947	2.475	0.175	
948	2.5	0.175	
949	2.525	0.175	
950	2.55	0.175	
951	2.575	0.175	
952	2.6	0.175	
953	2.625	0.175	
954	2.65	0.175	
955	2.675	0.175	
956	2.7	0.175	
957	2.725	0.175	
958	2.75	0.175	
959	2.775	0.175	
960	2.8	0.175	
961	2.825	0.175	
962	2.85	0.175	
963	2.875	0.175	
964	2.9	0.175	
965	2.925	0.175	
966	2.95	0.175	
967	2.975	0.175	
968	3	0.175	
969	0	0.2	
970	0.025	0.2	
971	0.05	0.2	
972	0.075	0.2	
973	0.1	0.2	
974	0.125	0.2	
975	0.15	0.2	
976	0.175	0.2	
977	0.2	0.2	
978	0.225	0.2	
979	0.25	0.2	
980	0.275	0.2	
981	0.3	0.2	
982	0.325	0.2	
983	0.35	0.2	
984	0.375	0.2	
985	0.4	0.2	
986	0.425	0.2	
987	0.45	0.2	
988	0.475	0.2	
989	0.5	0.2	
990	0.525	0.2	
991	0.55	0.2	
992	0.575	0.2	
993	0.6	0.2	
994	0.625	0.2	
995	0.65	0.2	
996	0.675	0.2	
997	0.7	0.2	
998	0.725	0.2	
999	0.75	0.2	
1000	0.775	0.2	
1001	0.8	0.2	
1002	0.825	0.2	
1003	0.85	0.2	
1004	0.875	0.2	
1005	0.9	0.2	
1006	0.925	0.2	
1007	0.95	0.2	
1008	0.975	0.2	
1009	1	0.2	
1010	1.025	0.2	
1011	1.05	0.2	
1012	1.075	0.2	
1013	1.1	0.2	
1014	1.125	0.2	
1015	1.15	0.2	
1016	1.175	0.2	
1017	1.2	0.2	
1018	1.225	0.2	
1019	1.25	0.2	
1020	1.275	0.2	
1021	1.3	0.2	
1022	1.325	0.2	
1023	1.35	0.2	
1024	1.375	0.2	
1025	1.4	0.2	
1026	1.425	0.2	
1027	1.45	0.2	
1028	1.475	0.2	
1029	1.5	0.2	
1030	1.525	0.2	
1031	1.55	0.2	
1032	1.575	0.2	
1033	1.6	0.2	
1034	1.625	0.2	
1035	1.65	0.2	
1036	1.675	0.2	
1037	1.7	0.2	
1038	1.725	0.2	
1039	1.75	0.2	
1040	1.775	0.2	
1041	1.8	0.2	
1042	1.825	0.2	
1043	1.85	0.2	
1044	1.875	0.2	
1045	1.9	0.2	
1046	1.925	0.2	
1047	1.95	0.2	
1048	1.975	0.2	
1049	2	0.2	
1050	2.025	0.2	
1051	2.05	0.2	
1052	2.075	0.2	
1053	2.1	0.2	
1054	2.125	0.2	
1055	2.15	0.2	
1056	2.175	0.2	
1057	2.2	0.2	
1058	2.225	0.2	
1059	2.25	0.2	
1060	2.275	0.2	
1061	2.3	0.2	
1062	2.325	0.2	
1063	2.35	0.2	
1064	2.375	0.2	
1065	2.4	0.2	
1066	2.425	0.2	
1067	2.45	0.2	
1068	2.475	0.2	
1069	2.5	0.2	
1070	2.525	0.2	
1071	2.55	0.2	
1072	2.575	0.2	
1073	2.6	0.2	
1074	2.625	0.2	
1075	2.65	0.2	
1076	2.675	0.2	
1077	2.7	0.2	
1078	2.725	0.2	
1079	2.75	0.2	
1080	2.775	0.2	
1081	2.8	0.2	
1082	2.825	0.2	
1083	2.85	0.2	
1084	2.875	0.2	
1085	2.9	0.2	
1086	2.925	0.2	
1087	2.95	0.2	
1088	2.975	0.2	
1089	3	0.2	
1090	0	0.225	
1091	0.025	0.225	
1092	0.05	0.225	
1093	0.075	0.225	
1094	0.1	0.225	
1095	0.125	0.225	
1096	0.15	0.225	
1097	0.175	0.225	
1098	0.2	0.225	
1099	0.225	0.225	
1100	0.25	0.225	
1101	0.275	0.225	
1102	0.3	0.225	
1103	0.325	0.225	
1104	0.35	0.225	
1105	0.375	0.225	
1106	0.4	0.225	
1107	0.425	0.225	
1108	0.45	0.225	
1109	0.475	0.225	
1110	0.5	0.225	
1111	0.525	0.225	
1112	0.55	0.225	
1113	0.575	0.225	
1114	0.6	0.225	
1115	0.625	0.225	
1116	0.65	0.225	
1117	0.675	0.225	
1118	0.7	0.225	
1119	0.725	0.225	
1120	0.75	0.225	
1121	0.775	0.225	
1122	0.8	0.225	
1123	0.825	0.225	
1124	0.85	0.225	
1125	0.875	0.225	
1126	0.9	0.225	
1127	0.925	0.225	
1128	0.95	0.225	
1129	0.975	0.225	
1130	1	0.225	
1131	1.025	0.225	
1132	1.05	0.225	
1133	1.075	0.225	
1134	1.1	0.225	
1135	1.125	0.225	
1136	1.15	0.225	
1137	1.175	0.225	
1138	1.2	0.225	
1139	1.225	0.225	
1140	1.25	0.225	
1141	1.275	0.225	
1142	1.3	0.225	
1143	1.325	0.225	
1144	1.35	0.225	
1145	1.375	0.225	
1146	1.4	0.225	
1147	1.425	0.225	
1148	1.45	0.225	
1149	1.475	0.225	
1150	1.5	0.225	
1151	1.525	0.225	
1152	1.55	0.225	
1153	1.575	0.225	
1154	1.6	0.225	
1155	1.625	0.225	
1156	1.65	0.225	
1157	1.675	0.225	
1158	1.7	0.225	
1159	1.725	0.225	
1160	1.75	0.225	
1161	1.775	0.225	
1162	1.8	0.225	
1163	1.825	0.225	
1164	1.85	0.225	
1165	1.875	0.225	
1166	1.9	0.225	
1167	1.925	0.225	
1168	1.95	0.225	
1169	1.975	0.225	
1170	2	0.225	
1171	2.025	0.225	
1172	2.05	0.225	
1173	2.075	0.225	
1174	2.1	0.225	
1175	2.125	0.225	
1176	2.15	0.225	
1177	2.175	0.225	
1178	2.2	0.225	
1179	2.225	0.225	
1180	2.25	0.225	
1181	2.275	0.225	
1182	2.3	0.225	
1183	2.325	0.225	
1184	2.35	0.225	
1185	2.375	0.225	
1186	2.4	0.225	
1187	2.425	0.225	
1188	2.45	0.225	
1189	2.475	0.225	
1190	2.5	0.225	
1191	2.525	0.225	
1192	2.55	0.225	
1193	2.575	0.225	
1194	2.6	0.225	
1195	2.625	0.225	
1196	2.65	0.225	
1197	2.675	0.225	
1198	2.7	0.225	
1199	2.725	0.225	
1200	2.75	0.225	
1201	2.775	0.225	
1202	2.8	0.225	
1203	2.825	0.225	
1204	2.85	0.225	
1205	2.875	0.225	
1206	2.9	0.225	
1207	2.925	0.225	
1208	2.95	0.225	
1209	2.975	0.225	
1210	3	0.225	
1211	0	0.25	
1212	0.025	0.25	
1213	0.05	0.25	
1214	0.075	0.25	
1215	0.1	0.25	
1216	0.125	0.25	
1217	0.15	0.25	
1218	0.175	0.25	
1219	0.2	0.25	
1220	0.225	0.25	
1221	0.25	0.25	
1222	0.275	0.25	
1223	0.3	0.25	
1224	0.325	0.25	
1225	0.35	0.25	
1226	0.375	0.25	
1227	0.4	0.25	
1228	0.425	0.25	
1229	0.45	0.25	
1230	0.475	0.25	
1231	0.5	0.25	
1232	0.525	0.25	
1233	0.55	0.25	
1234	0.575	0.25	
1235	0.6	0.25	
1236	0.625	0.25	
1237	0.65	0.25	
1238	0.675	0.25	
1239	0.7	0.25	
1240	0.725	0.25	
1241	0.75	0.25	
1242	0.775	0.25	
1243	0.8	0.25	
1244	0.825	0.25	
1245	0.85	0.25	
1246	0.875	0.25	
1247	0.9	0.25	
1248	0.925	0.25	
1249	0.95	0.25	
1250	0.975	0.25	
1251	1	0.25	
1252	1.025	0.25	
1253	1.05	0.25	
1254	1.075	0.25	
1255	1.1	0.25	
1256	1.125	0.25	
1257	1.15	0.25	
1258	1.175	0.25	
1259	1.2	0.25	
1260	1.225	0.25	
1261	1.25	0.25	
1262	1.275	0.25	
1263	1.3	0.25	
1264	1.325	0.25	
1265	1.35	0.25	
1266	1.375	0.25	
1267	1.4	0.25	
1268	1.425	0.25	
1269	1.45	0.25	
1270	1.475	0.25	
1271	1.5	0.25	
1272	1.525	0.25	
1273	1.55	0.25	
1274	1.575	0.25	
1275	1.6	0.25	
1276	1.625	0.25	
1277	1.65	0.25	
1278	1.675	0.25	
1279	1.7	0.25	
1280	1.725	0.25	
1281	1.75	0.25	
1282	1.775	0.25	
1283	1.8	0.25	
1284	1.825	0.25	
1285	1.85	0.25	
1286	1.875	0.25	
1287	1.9	0.25	
1288	1.925	0.25	
1289	1.95	0.25	
1290	1.975	0.25	
1291	2	0.25	
1292	2.025	0.25	
1293	2.05	0.25	
1294	2.075	0.25	
1295	2.1	0.25	
1296	2.125	0.25	
1297	2.15	0.25	
1298	2.175	0.25	
1299	2.2	0.25	
1300	2.225	0.25	
1301	2.25	0.25	
1302	2.275	0.25	
1303	2.3	0.25	
1304	2.325	0.25	
1305	2.35	0.25	
1306	2.375	0.25	
1307	2.4	0.25	
1308	2.425	0.25	
1309	2.45	0.25	
1310	2.475	0.25	
1311	2.5	0.25	
1312	2.525	0.25	
1313	2.55	0.25	
1314	2.575	0.25	
1315	2.6	0.25	
1316	2.625	0.25	
1317	2.65	0.25	
1318	2.675	0.25	
1319	2.7	0.25	
1320	2.725	0.25	
1321	2.75	0.25	
1322	2.775	0.25	
1323	2.8	0.25	
1324	2.825	0.25	
1325	2.85	0.25	
1326	2.875	0.25	
1327	2.9	0.25	
1328	2.925	0.25	
1329	2.95	0.25	
1330	2.975	0.25	
1331	3	0.25	
1332	0	0.275	
1333	0.025	0.275	
1334	0.05	0.275	
1335	0.075	0.275	
1336	0.1	0.275	
1337	0.125	0.275	
1338	0.15	0.275	
1339	0.175	0.275	
1340	0.2	0.275	
1341	0.225	0.275	
1342	0.25	0.275	
1343	0.275	0.275	
1344	0.3	0.275	
1345	0.325	0.275	
1346	0.35	0.275	
1347	0.375	0.275	
1348	0.4	0.275	
1349	0.425	0.275	
1350	0.45	0.275	
1351	0.475	0.275	
1352	0.5	0.275	
1353	0.525	0.275	
1354	0.55	0.275	
1355	0.575	0.275	
1356	0.6	0.275	
1357	0.625	0.275	
1358	0.65	0.275	
1359	0.675	0.275	
1360	0.7	0.275	
1361	0.725	0.275	
1362	0.75	0.275	
1363	0.775	0.275	
1364	0.8	0.275	
1365	0.825	0.275	
1366	0.85	0.275	
1367	0.875	0.275	
1368	0.9	0.275	
1369	0.925	0.275	
1370	0.95	0.275	
1371	0.975	0.275	
1372	1	0.275	
1373	1.025	0.275	
1374	1.05	0.275	
1375	1.075	0.275	
1376	1.1	0.275	
1377	1.125	0.275	
1378	1.15	0.275	
1379	1.175	0.275	
1380	1.2	0.275	
1381	1.225	0.275	
1382	1.25	0.275	
1383	1.275	0.275	
1384	1.3	0.275	
1385	1.325	0.275	
1386	1.35	0.275	
1387	1.375	0.275	
1388	1.4	0.275	
1389	1.425	0.275	
1390	1.45	0.275	
1391	1.475	0.275	
1392	1.5	0.275	
1393	1.525	0.275	
1394	1.55	0.275	
1395	1.575	0.275	
1396	1.6	0.275	
1397	1.625	0.275	
1398	1.65	0.275	
1399	1.675	0.275	
1400	1.7	0.275	
1401	1.725	0.275	
1402	1.75	0.275	
1403	1.775	0.275	
1404	1.8	0.275	
1405	1.825	0.275	
1406	1.85	0.275	
1407	1.875	0.275	
1408	1.9	0.275	
1409	1.925	0.275	
1410	1.95	0.275	
1411	1.975	0.275	
1412	2	0.275	
1413	2.025	0.275	
1414	2.05	0.275	
1415	2.075	0.275	
1416	2.1	0.275	
1417	2.125	0.275	
1418	2.15	0.275	
1419	2.175	0.275	
1420	2.2	0.275	
1421	2.225	0.275	
1422	2.25	0.275	
1423	2.275	0.275	
1424	2.3	0.275	
1425	2.325	0.275	
1426	2.35	0.275	
1427	2.375	0.275	
1428	2.4	0.275	
1429	2.425	0.275	
1430	2.45	0.275	
1431	2.475	0.275	
1432	2.5	0.275	
1433	2.525	0.275	
1434	2.55	0.275	
1435	2.575	0.275	
1436	2.6	0.275	
1437	2.625	0.275	
1438	2.65	0.275	
1439	2.675	0.275	
1440	2.7	0.275	
1441	2.725	0.275	
1442	2.75	0.275	
1443	2.775	0.275	
1444	2.8	0.275	
1445	2.825	0.275	
1446	2.85	0.275	
1447	2.875	0.275	
1448	2.9	0.275	
1449	2.925	0.275	
1450	2.95	0.275	
1451	2.975	0.275	
1452	3	0.275	
1453	0	0.3	
1454	0.025	0.3	
1455	0.05	0.3	
1456	0.075	0.3	
1457	0.1	0.3	
1458	0.125	0.3	
1459	0.15	0.3	
1460	0.175	0.3	
1461	0.2	0.3	
1462	0.225	0.3	
1463	0.25	0.3	
1464	0.275	0.3	
1465	0.3	0.3	
1466	0.325	0.3	
1467	0.35	0.3	
1468	0.375	0.3	
1469	0.4	0.3	
1470	0.425	0.3	
1471	0.45	0.3	
1472	0.475	0.3	
1473	0.5	0.3	
1474	0.525	0.3	
1475	0.55	0.3	
1476	0.575	0.3	
1477	0.6	0.3	
1478	0.625	0.3	
1479	0.65	0.3	
1480	0.675	0.3	
1481	0.7	0.3	
1482	0.725	0.3	
1483	0.75	0.3	
1484	0.775	0.3	
1485	0.8	0.3	
1486	0.825	0.3	
1487	0.85	0.3	
1488	0.875	0.3	
1489	0.9	0.3	
1490	0.925	0.3	
1491	0.95	0.3	
1492	0.975	0.3	
1493	1	0.3	
1494	1.025	0.3	
1495	1.05	0.3	
1496	1.075	0.3	
1497	1.1	0.3	
1498	1.125	0.3	
1499	1.15	0.3	
1500	1.175	0.3	
1501	1.2	0.3	
1502	1.225	0.3	
1503	1.25	0.3	
1504	1.275	0.3	
1505	1.3	0.3	
1506	1.325	0.3	
1507	1.35	0.3	
1508	1.375	0.3	
1509	1.4	0.3	
1510	1.425	0.3	
1511	1.45	0.3	
1512	1.475	0.3	
1513	1.5	0.3	
1514	1.525	0.3	
1515	1.55	0.3	
1516	1.575	0.3	
1517	1.6	0.3	
1518	1.625	0.3	
1519	1.65	0.3	
1520	1.675	0.3	
1521	1.7	0.3	
1522	1.725	0.3	
1523	1.75	0.3	
1524	1.775	0.3	
1525	1.8	0.3	
1526	1.825	0.3	
1527	1.85	0.3	
1528	1.875	0.3	
1529	1.9	0.3	
1530	1.925	0.3	
1531	1.95	0.3	
1532	1.975	0.3	
1533	2	0.3	
1534	2.025	0.3	
1535	2.05	0.3	
1536	2.075	0.3	
1537	2.1	0.3	
1538	2.125	0.3	
1539	2.15	0.3	
1540	2.175	0.3	
1541	2.2	0.3	
1542	2.225	0.3	
1543	2.25	0.3	
1544	2.275	0.3	
1545	2.3	0.3	
1546	2.325	0.3	
1547	2.35	0.3	
1548	2.375	0.3	
1549	2.4	0.3	
1550	2.425	0.3	
1551	2.45	0.3	
1552	2.475	0.3	
1553	2.5	0.3	
1554	2.525	0.3	
1555	2.55	0.3	
1556	2.575	0.3	
1557	2.6	0.3	
1558	2.625	0.3	
1559	2.65	0.3	
1560	2.675	0.3	
1561	2.7	0.3	
1562	2.725	0.3	
1563	2.75	0.3	
1564	2.775	0.3	
1565	2.8	0.3	
1566	2.825	0.3	
1567	2.85	0.3	
1568	2.875	0.3	
1569	2.9	0.3	
1570	2.925	0.3	
1571	2.95	0.3	
1572	2.975	0.3	
1573	3	0.3	
1574	0	0.325	
1575	0.025	0.325	
1576	0.05	0.325	
1577	0.075	0.325	
1578	0.1	0.325	
1579	0.125	0.325	
1580	0.15	0.325	
1581	0.175	0.325	
1582	0.2	0.325	
1583	0.225	0.325	
1584	0.25	0.325	
1585	0.275	0.325	
1586	0.3	0.325	
1587	0.325	0.325	
1588	0.35	0.325	
1589	0.375	0.325	
1590	0.4	0.325	
1591	0.425	0.325	
1592	0.45	0.325	
1593	0.475	0.325	
1594	0.5	0.325	
1595	0.525	0.325	
1596	0.55	0.325	
1597	0.575	0.325	
1598	0.6	0.325	
1599	0.625	0.325	
1600	0.65	0.325	
1601	0.675	0.325	
1602	0.7	0.325	
1603	0.725	0.325	
1604	0.75	0.325	
1605	0.775	0.325	
1606	0.8	0.325	
1607	0.825	0.325	
1608	0.85	0.325	
1609	0.875	0.325	
1610	0.9	0.325	
1611	0.925	0.325	
1612	0.95	0.325	
1613	0.975	0.325	
1614	1	0.325	
1615	1.025	0.325	
1616	1.05	0.325	
1617	1.075	0.325	
1618	1.1	0.325	
1619	1.125	0.325	
1620	1.15	0.325	
1621	1.175	0.325	
1622	1.2	0.325	
1623	1.225	0.325	
1624	1.25	0.325	
1625	1.275	0.325	
1626	1.3	0.325	
1627	1.325	0.325	
1628	1.35	0.325	
1629	1.375	0.325	
1630	1.4	0.325	
1631	1.425	0.325	
1632	1.45	0.325	
1633	1.475	0.325	
1634	1.5	0.325	
1635	1.525	0.325	
1636	1.55	0.325	
1637	1.575	0.325	
1638	1.6	0.325	
1639	1.625	0.325	
1640	1.65	0.325	
1641	1.675	0.325	
1642	1.7	0.325	
1643	1.725	0.325	
1644	1.75	0.325	
1645	1.775	0.325	
1646	1.8	0.325	
1647	1.825	0.325	
1648	1.85	0.325	
1649	1.875	0.325	
1650	1.9	0.325	
1651	1.925	0.325	
1652	1.95	0.325	
1653	1.975	0.325	
1654	2	0.325	
1655	2.025	0.325	
1656	2.05	0.325	
1657	2.075	0.325	
1658	2.1	0.325	
1659	2.125	0.325	
1660	2.15	0.325	
1661	2.175	0.325	
1662	2.2	0.325	
1663	2.225	0.325	
1664	2.25	0.325	
1665	2.275	0.325	
1666	2.3	0.325	
1667	2.325	0.325	
1668	2.35	0.325	
1669	2.375	0.325	
1670	2.4	0.325	
1671	2.425	0.325	
1672	2.45	0.325	
1673	2.475	0.325	
1674	2.5	0.325	
1675	2.525	0.325	
1676	2.55	0.325	
1677	2.575	0.325	
1678	2.6	0.325	
1679	2.625	0.325	
1680	2.65	0.325	
1681	2.675	0.325	
1682	2.7	0.325	
1683	2.725	0.325	
1684	2.75	0.325	
1685	2.775	0.325	
1686	2.8	0.325	
1687	2.825	0.325	
1688	2.85	0.325	
1689	2.875	0.325	
1690	2.9	0.325	
1691	2.925	0.325	
1692	2.95	0.325	
1693	2.975	0.325	
1694	3	0.325	
1695	0	0.35	
1696	0.025	0.35	
1697	0.05	0.35	
1698	0.075	0.35	
1699	0.1	0.35	
1700	0.125	0.35	
1701	0.15	0.35	
1702	0.175	0.35	
1703	0.2	0.35	
1704	0.225	0.35	
1705	0.25	0.35	
1706	0.275	0.35	
1707	0.3	0.35	
1708	0.325	0.35	
1709	0.35	0.35	
1710	0.375	0.35	
1711	0.4	0.35	
1712	0.425	0.35	
1713	0.45	0.35	
1714	0.475	0.35	
1715	0.5	0.35	
1716	0.525	0.35	
1717	0.55	0.35	
1718	0.575	0.35	
1719	0.6	0.35	
1720	0.625	0.35	
1721	0.65	0.35	
1722	0.675	0.35	
1723	0.7	0.35	
1724	0.725	0.35	
1725	0.75	0.35	
1726	0.775	0.35	
1727	0.8	0.35	
1728	0.825	0.35	
1729	0.85	0.35	
1730	0.875	0.35	
1731	0.9	0.35	
1732	0.925	0.35	
1733	0.95	0.35	
1734	0.975	0.35	
1735	1	0.35	
1736	1.025	0.35	
1737	1.05	0.35	
1738	1.075	0.35	
1739	1.1	0.35	
1740	1.125	0.35	
1741	1.15	0.35	
1742	1.175	0.35	
1743	1.2	0.35	
1744	1.225	0.35	
1745	1.25	0.35	
1746	1.275	0.35	
1747	1.3	0.35	
1748	1.325	0.35	
1749	1.35	0.35	
1750	1.375	0.35	
1751	1.4	0.35	
1752	1.425	0.35	
1753	1.45	0.35	
1754	1.475	0.35	
1755	1.5	0.35	
1756	1.525	0.35	
1757	1.55	0.35	
1758	1.575	0.35	
1759	1.6	0.35	
1760	1.625	0.35	
1761	1.65	0.35	
1762	1.675	0.35	
1763	1.7	0.35	
1764	1.725	0.35	
1765	1.75	0.35	
1766	1.775	0.35	
1767	1.8	0.35	
1768	1.825	0.35	
1769	1.85	0.35	
1770	1.875	0.35	
1771	1.9	0.35	
1772	1.925	0.35	
1773	1.95	0.35	
1774	1.975	0.35	
1775	2	0.35	
1776	2.025	0.35	
1777	2.05	0.35	
1778	2.075	0.35	
1779	2.1	0.35	
1780	2.125	0.35	
1781	2.15	0.35	
1782	2.175	0.35	
1783	2.2	0.35	
1784	2.225	0.35	
1785	2.25	0.35	
1786	2.275	0.35	
1787	2.3	0.35	
1788	2.325	0.35	
1789	2.35	0.35	
1790	2.375	0.35	
1791	2.4	0.35	
1792	2.425	0.35	
1793	2.45	0.35	
1794	2.475	0.35	
1795	2.5	0.35	
1796	2.525	0.35	
1797	2.55	0.35	
1798	2.575	0.35	
1799	2.6	0.35	
1800	2.625	0.35	
1801	2.65	0.35	
1802	2.675	0.35	
1803	2.7	0.35	
1804	2.725	0.35	
1805	2.75	0.35	
1806	2.775	0.35	
1807	2.8	0.35	
1808	2.825	0.35	
1809	2.85	0.35	
1810	2.875	0.35	
1811	2.9	0.35	
1812	2.925	0.35	
1813	2.95	0.35	
1814	2.975	0.35	
1815	3	0.35	
1816	0	0.375	
1817	0.025	0.375	
1818	0.05	0.375	
1819	0.075	0.375	
1820	0.1	0.375	
1821	0.125	0.375	
1822	0.15	0.375	
1823	0.175	0.375	
1824	0.2	0.375	
1825	0.225	0.375	
1826	0.25	0.375	
1827	0.275	0.375	
1828	0.3	0.375	
1829	0.325	0.375	
1830	0.35	0.375	
1831	0.375	0.375	
1832	0.4	0.375	
1833	0.425	0.375	
1834	0.45	0.375	
1835	0.475	0.375	
1836	0.5	0.375	
1837	0.525	0.375	
1838	0.55	0.375	
1839	0.575	0.375	
1840	0.6	0.375	
1841	0.625	0.375	
1842	0.65	0.375	
1843	0.675	0.375	
1844	0.7	0.375	
1845	0.725	0.375	
1846	0.75	0.375	
1847	0.775	0.375	
1848	0.8	0.375	
1849	0.825	0.375	
1850	0.85	0.375	
1851	0.875	0.375	
1852	0.9	0.375	
1853	0.925	0.375	
1854	0.95	0.375	
1855	0.975	0.375	
1856	1	0.375	
1857	1.025	0.375	
1858	1.05	0.375	
1859	1.075	0.375	
1860	1.1	0.375	
1861	1.125	0.375	
1862	1.15	0.375	
1863	1.175	0.375	
1864	1.2	0.375	
1865	1.225	0.375	
1866	1.25	0.375	
1867	1.275	0.375	
1868	1.3	0.375	
1869	1.325	0.375	
1870	1.35	0.375	
1871	1.375	0.375	
1872	1.4	0.375	
1873	1.425	0.375	
1874	1.45	0.375	
1875	1.475	0.375	
1876	1.5	0.375	
1877	1.525	0.375	
1878	1.55	0.375	
1879	1.575	0.375	
1880	1.6	0.375	
1881	1.625	0.375	
1882	1.65	0.375	
1883	1.675	0.375	
1884	1.7	0.375	
1885	1.725	0.375	
1886	1.75	0.375	
1887	1.775	0.375	
1888	1.8	0.375	
1889	1.825	0.375	
1890	1.85	0.375	
1891	1.875	0.375	
1892	1.9	0.375	
1893	1.925	0.375	
1894	1.95	0.375	
1895	1.975	0.375	
1896	2	0.375	
1897	2.025	0.375	
1898	2.05	0.375	
1899	2.075	0.375	
1900	2.1	0.375	
1901	2.125	0.375	
1902	2.15	0.375	
1903	2.175	0.375	
1904	2.2	0.375	
1905	2.225	0.375	
1906	2.25	0.375	
1907	2.275	0.375	
1908	2.3	0.375	
1909	2.325	0.375	
1910	2.35	0.375	
1911	2.375	0.375	
1912	2.4	0.375	
1913	2.425	0.375	
1914	2.45	0.375	
1915	2.475	0.375	
1916	2.5	0.375	
1917	2.525	0.375	
1918	2.55	0.375	
1919	2.575	0.375	
1920	2.6	0.375	
1921	2.625	0.375	
1922	2.65	0.375	
1923	2.675	0.375	
1924	2.7	0.375	
1925	2.725	0.375	
1926	2.75	0.375	
1927	2.775	0.375	
1928	2.8	0.375	
1929	2.825	0.375	
1930	2.85	0.375	
1931	2.875	0.375	
1932	2.9	0.375	
1933	2.925	0.375	
1934	2.95	0.375	
1935	2.975	0.375	
1936	3	0.375	
1937	0	0.4	
1938	0.025	0.4	
1939	0.05	0.4	
1940	0.075	0.4	
1941	0.1	0.4	
1942	0.125	0.4	
1943	0.15	0.4	
1944	0.175	0.4	
1945	0.2	0.4	
1946	0.225	0.4	
1947	0.25	0.4	
1948	0.275	0.4	
1949	0.3	0.4	
1950	0.325	0.4	
1951	0.35	0.4	
1952	0.375	0.4	
1953	0.4	0.4	
1954	0.425	0.4	
1955	0.45	0.4	
1956	0.475	0.4	
1957	0.5	0.4	
1958	0.525	0.4	
1959	0.55	0.4	
1960	0.575	0.4	
1961	0.6	0.4	
1962	0.625	0.4	
1963	0.65	0.4	
1964	0.675	0.4	
1965	0.7	0.4	
1966	0.725	0.4	
1967	0.75	0.4	
1968	0.775	0.4	
1969	0.8	0.4	
1970	0.825	0.4	
1971	0.85	0.4	
1972	0.875	0.4	
1973	0.9	0.4	
1974	0.925	0.4	
1975	0.95	0.4	
1976	0.975	0.4	
1977	1	0.4	
1978	1.025	0.4	
1979	1.05	0.4	
1980	1.075	0.4	
1981	1.1	0.4	
1982	1.125	0.4	
1983	1.15	0.4	
1984	1.175	0.4	
1985	1.2	0.4	
1986	1.225	0.4	
1987	1.25	0.4	
1988	1.275	0.4	
1989	1.3	0.4	
1990	1.325	0.4	
1991	1.35	0.4	
1992	1.375	0.4	
1993	1.4	0.4	
1994	1.425	0.4	
1995	1.45	0.4	
1996	1.475	0.4	
1997	1.5	0.4	
1998	1.525	0.4	
1999	1.55	0.4	
2000	1.575	0.4	
2001	1.6	0.4	
2002	1.625	0.4	
2003	1.65	0.4	
2004	1.675	0.4	
2005	1.7	0.4	
2006	1.725	0.4	
2007	1.75	0.4	
2008	1.775	0.4	
2009	1.8	0.4	
2010	1.825	0.4	
2011	1.85	0.4	
2012	1.875	0.4	
2013	1.9	0.4	
2014	1.925	0.4	
2015	1.95	0.4	
2016	1.975	0.4	
2017	2	0.4	
2018	2.025	0.4	
2019	2.05	0.4	
2020	2.075	0.4	
2021	2.1	0.4	
2022	2.125	0.4	
2023	2.15	0.4	
2024	2.175	0.4	
2025	2.2	0.4	
2026	2.225	0.4	
2027	2.25	0.4	
2028	2.275	0.4	
2029	2.3	0.4	
2030	2.325	0.4	
2031	2.35	0.4	
2032	2.375	0.4	
2033	2.4	0.4	
2034	2.425	0.4	
2035	2.45	0.4	
2036	2.475	0.4	
2037	2.5	0.4	
2038	2.525	0.4	
2039	2.55	0.4	
2040	2.575	0.4	
2041	2.6	0.4	
2042	2.625	0.4	
2043	2.65	0.4	
2044	2.675	0.4	
2045	2.7	0.4	
2046	2.725	0.4	
2047	2.75	0.4	
2048	2.775	0.4	
2049	2.8	0.4	
2050	2.825	0.4	
2051	2.85	0.4	
2052	2.875	0.4	
2053	2.9	0.4	
2054	2.925	0.4	
2055	2.95	0.4	
2056	2.975	0.4	
2057	3	0.4	
2058	0	0.425	
2059	0.025	0.425	
2060	0.05	0.425	
2061	0.075	0.425	
2062	0.1	0.425	
2063	0.125	0.425	
2064	0.15	0.425	
2065	0.175	0.425	
2066	0.2	0.425	
2067	0.225	0.425	
2068	0.25	0.425	
2069	0.275	0.425	
2070	0.3	0.425	
2071	0.325	0.425	
2072	0.35	0.425	
2073	0.375	0.425	
2074	0.4	0.425	
2075	0.425	0.425	
2076	0.45	0.425	
2077	0.475	0.425	
2078	0.5	0.425	
2079	0.525	0.425	
2080	0.55	0.425	
2081	0.575	0.425	
2082	0.6	0.425	
2083	0.625	0.425	
2084	0.65	0.425	
2085	0.675	0.425	
2086	0.7	0.425	
2087	0.725	0.425	
2088	0.75	0.425	
2089	0.775	0.425	
2090	0.8	0.425	
2091	0.825	0.425	
2092	0.85	0.425	
2093	0.875	0.425	
2094	0.9	0.425	
2095	0.925	0.425	
2096	0.95	0.425	
2097	0.975	0.425	
2098	1	0.425	
2099	1.025	0.425	
2100	1.05	0.425	
2101	1.075	0.425	
2102	1.1	0.425	
2103	1.125	0.425	
2104	1.15	0.425	
2105	1.175	0.425	
2106	1.2	0.425	
2107	1.225	0.425	
2108	1.25	0.425	
2109	1.275	0.425	
2110	1.3	0.425	
2111	1.325	0.425	
2112	1.35	0.425	
2113	1.375	0.425	
2114	1.4	0.425	
2115	1.425	0.425	
2116	1.45	0.425	
2117	1.475	0.425	
2118	1.5	0.425	
2119	1.525	0.425	
2120	1.55	0.425	
2121	1.575	0.425	
2122	1.6	0.425	
2123	1.625	0.425	
2124	1.65	0.425	
2125	1.675	0.425	
2126	1.7	0.425	
2127	1.725	0.425	
2128	1.75	0.425	
2129	1.775	0.425	
2130	1.8	0.425	
2131	1.825	0.425	
2132	1.85	0.425	
2133	1.875	0.425	
2134	1.9	0.425	
2135	1.925	0.425	
2136	1.95	0.425	
2137	1.975	0.425	
2138	2	0.425	
2139	2.025	0.425	
2140	2.05	0.425	
2141	2.075	0.425	
2142	2.1	0.425	
2143	2.125	0.425	
2144	2.15	0.425	
2145	2.175	0.425	
2146	2.2	0.425	
2147	2.225	0.425	
2148	2.25	0.425	
2149	2.275	0.425	
2150	2.3	0.425	
2151	2.325	0.425	
2152	2.35	0.425	
2153	2.375	0.425	
2154	2.4	0.425	
2155	2.425	0.425	
2156	2.45	0.425	
2157	2.475	0.425	
2158	2.5	0.425	
2159	2.525	0.425	
2160	2.55	0.425	
2161	2.575	0.425	
2162	2.6	0.425	
2163	2.625	0.425	
2164	2.65	0.425	
2165	2.675	0.425	
2166	2.7	0.425	
2167	2.725	0.425	
2168	2.75	0.425	
2169	2.775	0.425	
2170	2.8	0.425	
2171	2.825	0.425	
2172	2.85	0.425	
2173	2.875	0.425	
2174	2.9	0.425	
2175	2.925	0.425	
2176	2.95	0.425	
2177	2.975	0.425	
2178	3	0.425	
2179	0	0.45	
2180	0.025	0.45	
2181	0.05	0.45	
2182	0.075	0.45	
2183	0.1	0.45	
2184	0.125	0.45	
2185	0.15	0.45	
2186	0.175	0.45	
2187	0.2	0.45	
2188	0.225	0.45	
2189	0.25	0.45	
2190	0.275	0.45	
2191	0.3	0.45	
2192	0.325	0.45	
2193	0.35	0.45	
2194	0.375	0.45	
2195	0.4	0.45	
2196	0.425	0.45	
2197	0.45	0.45	
2198	0.475	0.45	
2199	0.5	0.45	
2200	0.525	0.45	
2201	0.55	0.45	
2202	0.575	0.45	
2203	0.6	0.45	
2204	0.625	0.45	
2205	0.65	0.45	
2206	0.675	0.45	
2207	0.7	0.45	
2208	0.725	0.45	
2209	0.75	0.45	
2210	0.775	0.45	
2211	0.8	0.45	
2212	0.825	0.45	
2213	0.85	0.45	
2214	0.875	0.45	
2215	0.9	0.45	
2216	0.925	0.45	
2217	0.95	0.45	
2218	0.975	0.45	
2219	1	0.45	
2220	1.025	0.45	
2221	1.05	0.45	
2222	1.075	0.45	
2223	1.1	0.45	
2224	1.125	0.45	
2225	1.15	0.45	
2226	1.175	0.45	
2227	1.2	0.45	
2228	1.225	0.45	
2229	1.25	0.45	
2230	1.275	0.45	
2231	1.3	0.45	
2232	1.325	0.45	
2233	1.35	0.45	
2234	1.375	0.45	
2235	1.4	0.45	
2236	1.425	0.45	
2237	1.45	0.45	
2238	1.475	0.45	
2239	1.5	0.45	
2240	1.525	0.45	
2241	1.55	0.45	
2242	1.575	0.45	
2243	1.6	0.45	
2244	1.625	0.45	
2245	1.65	0.45	
2246	1.675	0.45	
2247	1.7	0.45	
2248	1.725	0.45	
2249	1.75	0.45	
2250	1.775	0.45	
2251	1.8	0.45	
2252	1.825	0.45	
2253	1.85	0.45	
2254	1.875	0.45	
2255	1.9	0.45	
2256	1.925	0.45	
2257	1.95	0.45	
2258	1.975	0.45	
2259	2	0.45	
2260	2.025	0.45	
2261	2.05	0.45	
2262	2.075	0.45	
2263	2.1	0.45	
2264	2.125	0.45	
2265	2.15	0.45	
2266	2.175	0.45	
2267	2.2	0.45	
2268	2.225	0.45	
2269	2.25	0.45	
2270	2.275	0.45	
2271	2.3	0.45	
2272	2.325	0.45	
2273	2.35	0.45	
2274	2.375	0.45	
2275	2.4	0.45	
2276	2.425	0.45	
2277	2.45	0.45	
2278	2.475	0.45	
2279	2.5	0.45	
2280	2.525	0.45	
2281	2.55	0.45	
2282	2.575	0.45	
2283	2.6	0.45	
2284	2.625	0.45	
2285	2.65	0.45	
2286	2.675	0.45	
2287	2.7	0.45	
2288	2.725	0.45	
2289	2.75	0.45	
2290	2.775	0.45	
2291	2.8	0.45	
2292	2.825	0.45	
2293	2.85	0.45	
2294	2.875	0.45	
2295	2.9	0.45	
2296	2.925	0.45	
2297	2.95	0.45	
2298	2.975	0.45	
2299	3	0.45	
2300	0	0.475	
2301	0.025	0.475	
2302	0.05	0.475	
2303	0.075	0.475	
2304	0.1	0.475	
2305	0.125	0.475	
2306	0.15	0.475	
2307	0.175	0.475	
2308	0.2	0.475	
2309	0.225	0.475	
2310	0.25	0.475	
2311	0.275	0.475	
2312	0.3	0.475	
2313	0.325	0.475	
2314	0.35	0.475	
2315	0.375	0.475	
2316	0.4	0.475	
2317	0.425	0.475	
2318	0.45	0.475	
2319	0.475	0.475	
2320	0.5	0.475	
2321	0.525	0.475	
2322	0.55	0.475	
2323	0.575	0.475	
2324	0.6	0.475	
2325	0.625	0.475	
2326	0.65	0.475	
2327	0.675	0.475	
2328	0.7	0.475	
2329	0.725	0.475	
2330	0.75	0.475	
2331	0.775	0.475	
2332	0.8	0.475	
2333	0.825	0.475	
2334	0.85	0.475	
2335	0.875	0.475	
2336	0.9	0.475	
2337	0.925	0.475	
2338	0.95	0.475	
2339	0.975	0.475	
2340	1	0.475	
2341	1.025	0.475	
2342	1.05	0.475	
2343	1.075	0.475	
2344	1.1	0.475	
2345	1.125	0.475	
2346	1.15	0.475	
2347	1.175	0.475	
2348	1.2	0.475	
2349	1.225	0.475	
2350	1.25	0.475	
2351	1.275	0.475	
2352	1.3	0.475	
2353	1.325	0.475	
2354	1.35	0.475	
2355	1.375	0.475	
2356	1.4	0.475	
2357	1.425	0.475	
2358	1.45	0.475	
2359	1.475	0.475	
2360	1.5	0.475	
2361	1.525	0.475	
2362	1.55	0.475	
2363	1.575	0.475	
2364	1.6	0.475	
2365	1.625	0.475	
2366	1.65	0.475	
2367	1.675	0.475	
2368	1.7	0.475	
2369	1.725	0.475	
2370	1.75	0.475	
2371	1.775	0.475	
2372	1.8	0.475	
2373	1.825	0.475	
2374	1.85	0.475	
2375	1.875	0.475	
2376	1.9	0.475	
2377	1.925	0.475	
2378	1.95	0.475	
2379	1.975	0.475	
2380	2	0.475	
2381	2.025	0.475	
2382	2.05	0.475	
2383	2.075	0.475	
2384	2.1	0.475	
2385	2.125	0.475	
2386	2.15	0.475	
2387	2.175	0.475	
2388	2.2	0.475	
2389	2.225	0.475	
2390	2.25	0.475	
2391	2.275	0.475	
2392	2.3	0.475	
2393	2.325	0.475	
2394	2.35	0.475	
2395	2.375	0.475	
2396	2.4	0.475	
2397	2.425	0.475	
2398	2.45	0.475	
2399	2.475	0.475	
2400	2.5	0.475	
2401	2.525	0.475	
2402	2.55	0.475	
2403	2.575	0.475	
2404	2.6	0.475	
2405	2.625	0.475	
2406	2.65	0.475	
2407	2.675	0.475	
2408	2.7	0.475	
2409	2.725	0.475	
2410	2.75	0.475	
2411	2.775	0.475	
2412	2.8	0.475	
2413	2.825	0.475	
2414	2.85	0.475	
2415	2.875	0.475	
2416	2.9	0.475	
2417	2.925	0.475	
2418	2.95	0.475	
2419	2.975	0.475	
2420	3	0.475	
2421	0	0.5	
2422	0.025	0.5	
2423	0.05	0.5	
2424	0.075	0.5	
2425	0.1	0.5	
2426	0.125	0.5	
2427	0.15	0.5	
2428	0.175	0.5	
2429	0.2	0.5	
2430	0.225	0.5	
2431	0.25	0.5	
2432	0.275	0.5	
2433	0.3	0.5	
2434	0.325	0.5	
2435	0.35	0.5	
2436	0.375	0.5	
2437	0.4	0.5	
2438	0.425	0.5	
2439	0.45	0.5	
2440	0.475	0.5	
2441	0.5	0.5	
2442	0.525	0.5	
2443	0.55	0.5	
2444	0.575	0.5	
2445	0.6	0.5	
2446	0.625	0.5	
2447	0.65	0.5	
2448	0.675	0.5	
2449	0.7	0.5	
2450	0.725	0.5	
2451	0.75	0.5	
2452	0.775	0.5	
2453	0.8	0.5	
2454	0.825	0.5	
2455	0.85	0.5	
2456	0.875	0.5	
2457	0.9	0.5	
2458	0.925	0.5	
2459	0.95	0.5	
2460	0.975	0.5	
2461	1	0.5	
2462	1.025	0.5	
2463	1.05	0.5	
2464	1.075	0.5	
2465	1.1	0.5	
2466	1.125	0.5	
2467	1.15	0.5	
2468	1.175	0.5	
2469	1.2	0.5	
2470	1.225	0.5	
2471	1.25	0.5	
2472	1.275	0.5	
2473	1.3	0.5	
2474	1.325	0.5	
2475	1.35	0.5	
2476	1.375	0.5	
2477	1.4	0.5	
2478	1.425	0.5	
2479	1.45	0.5	
2480	1.475	0.5	
2481	1.5	0.5	
2482	1.525	0.5	
2483	1.55	0.5	
2484	1.575	0.5	
2485	1.6	0.5	
2486	1.625	0.5	
2487	1.65	0.5	
2488	1.675	0.5	
2489	1.7	0.5	
2490	1.725	0.5	
2491	1.75	0.5	
2492	1.775	0.5	
2493	1.8	0.5	
2494	1.825	0.5	
2495	1.85	0.5	
2496	1.875	0.5	
2497	1.9	0.5	
2498	1.925	0.5	
2499	1.95	0.5	
2500	1.975	0.5	
2501	2	0.5	
2502	2.025	0.5	
2503	2.05	0.5	
2504	2.075	0.5	
2505	2.1	0.5	
2506	2.125	0.5	
2507	2.15	0.5	
2508	2.175	0.5	
2509	2.2	0.5	
2510	2.225	0.5	
2511	2.25	0.5	
2512	2.275	0.5	
2513	2.3	0.5	
2514	2.325	0.5	
2515	2.35	0.5	
2516	2.375	0.5	
2517	2.4	0.5	
2518	2.425	0.5	
2519	2.45	0.5	
2520	2.475	0.5	
2521	2.5	0.5	
2522	2.525	0.5	
2523	2.55	0.5	
2524	2.575	0.5	
2525	2.6	0.5	
2526	2.625	0.5	
2527	2.65	0.5	
2528	2.675	0.5	
2529	2.7	0.5	
2530	2.725	0.5	
2531	2.75	0.5	
2532	2.775	0.5	
2533	2.8	0.5	
2534	2.825	0.5	
2535	2.85	0.5	
2536	2.875	0.5	
2537	2.9	0.5	
2538	2.925	0.5	
2539	2.95	0.5	
2540	2.975	0.5	
2541	3	0.5	
2542	0	0.525	
2543	0.025	0.525	
2544	0.05	0.525	
2545	0.075	0.525	
2546	0.1	0.525	
2547	0.125	0.525	
2548	0.15	0.525	
2549	0.175	0.525	
2550	0.2	0.525	
2551	0.225	0.525	
2552	0.25	0.525	
2553	0.275	0.525	
2554	0.3	0.525	
2555	0.325	0.525	
2556	0.35	0.525	
2557	0.375	0.525	
2558	0.4	0.525	
2559	0.425	0.525	
2560	0.45	0.525	
2561	0.475	0.525	
2562	0.5	0.525	
2563	0.525	0.525	
2564	0.55	0.525	
2565	0.575	0.525	
2566	0.6	0.525	
2567	0.625	0.525	
2568	0.65	0.525	
2569	0.675	0.525	
2570	0.7	0.525	
2571	0.725	0.525	
2572	0.75	0.525	
2573	0.775	0.525	
2574	0.8	0.525	
2575	0.825	0.525	
2576	0.85	0.525	
2577	0.875	0.525	
2578	0.9	0.525	
2579	0.925	0.525	
2580	0.95	0.525	
2581	0.975	0.525	
2582	1	0.525	
2583	1.025	0.525	
2584	1.05	0.525	
2585	1.075	0.525	
2586	1.1	0.525	
2587	1.125	0.525	
2588	1.15	0.525	
2589	1.175	0.525	
2590	1.2	0.525	
2591	1.225	0.525	
2592	1.25	0.525	
2593	1.275	0.525	
2594	1.3	0.525	
2595	1.325	0.525	
2596	1.35	0.525	
2597	1.375	0.525	
2598	1.4	0.525	
2599	1.425	0.525	
2600	1.45	0.525	
2601	1.475	0.525	
2602	1.5	0.525	
2603	1.525	0.525	
2604	1.55	0.525	
2605	1.575	0.525	
2606	1.6	0.525	
2607	1.625	0.525	
2608	1.65	0.525	
2609	1.675	0.525	
2610	1.7	0.525	
2611	1.725	0.525	
2612	1.75	0.525	
2613	1.775	0.525	
2614	1.8	0.525	
2615	1.825	0.525	
2616	1.85	0.525	
2617	1.875	0.525	
2618	1.9	0.525	
2619	1.925	0.525	
2620	1.95	0.525	
2621	1.975	0.525	
2622	2	0.525	
2623	2.025	0.525	
2624	2.05	0.525	
2625	2.075	0.525	
2626	2.1	0.525	
2627	2.125	0.525	
2628	2.15	0.525	
2629	2.175	0.525	
2630	2.2	0.525	
2631	2.225	0.525	
2632	2.25	0.525	
2633	2.275	0.525	
2634	2.3	0.525	
2635	2.325	0.525	
2636	2.35	0.525	
2637	2.375	0.525	
2638	2.4	0.525	
2639	2.425	0.525	
2640	2.45	0.525	
2641	2.475	0.525	
2642	2.5	0.525	
2643	2.525	0.525	
2644	2.55	0.525	
2645	2.575	0.525	
2646	2.6	0.525	
2647	2.625	0.525	
2648	2.65	0.525	
2649	2.675	0.525	
2650	2.7	0.525	
2651	2.725	0.525	
2652	2.75	0.525	
2653	2.775	0.525	
2654	2.8	0.525	
2655	2.825	0.525	
2656	2.85	0.525	
2657	2.875	0.525	
2658	2.9	0.525	
2659	2.925	0.525	
2660	2.95	0.525	
2661	2.975	0.525	
2662	3	0.525	
2663	0	0.55	
2664	0.025	0.55	
2665	0.05	0.55	
2666	0.075	0.55	
2667	0.1	0.55	
2668	0.125	0.55	
2669	0.15	0.55	
2670	0.175	0.55	
2671	0.2	0.55	
2672	0.225	0.55	
2673	0.25	0.55	
2674	0.275	0.55	
2675	0.3	0.55	
2676	0.325	0.55	
2677	0.35	0.55	
2678	0.375	0.55	
2679	0.4	0.55	
2680	0.425	0.55	
2681	0.45	0.55	
2682	0.475	0.55	
2683	0.5	0.55	
2684	0.525	0.55	
2685	0.55	0.55	
2686	0.575	0.55	
2687	0.6	0.55	
2688	0.625	0.55	
2689	0.65	0.55	
2690	0.675	0.55	
2691	0.7	0.55	
2692	0.725	0.55	
2693	0.75	0.55	
2694	0.775	0.55	
2695	0.8	0.55	
2696	0.825	0.55	
2697	0.85	0.55	
2698	0.875	0.55	
2699	0.9	0.55	
2700	0.925	0.55	
2701	0.95	0.55	
2702	0.975	0.55	
2703	1	0.55	
2704	1.025	0.55	
2705	1.05	0.55	
2706	1.075	0.55	
2707	1.1	0.55	
2708	1.125	0.55	
2709	1.15	0.55	
2710	1.175	0.55	
2711	1.2	0.55	
2712	1.225	0.55	
2713	1.25	0.55	
2714	1.275	0.55	
2715	1.3	0.55	
2716	1.325	0.55	
2717	1.35	0.55	
2718	1.375	0.55	
2719	1.4	0.55	
2720	1.425	0.55	
2721	1.45	0.55	
2722	1.475	0.55	
2723	1.5	0.55	
2724	1.525	0.55	
2725	1.55	0.55	
2726	1.575	0.55	
2727	1.6	0.55	
2728	1.625	0.55	
2729	1.65	0.55	
2730	1.675	0.55	
2731	1.7	0.55	
2732	1.725	0.55	
2733	1.75	0.55	
2734	1.775	0.55	
2735	1.8	0.55	
2736	1.825	0.55	
2737	1.85	0.55	
2738	1.875	0.55	
2739	1.9	0.55	
2740	1.925	0.55	
2741	1.95	0.55	
2742	1.975	0.55	
2743	2	0.55	
2744	2.025	0.55	
2745	2.05	0.55	
2746	2.075	0.55	
2747	2.1	0.55	
2748	2.125	0.55	
2749	2.15	0.55	
2750	2.175	0.55	
2751	2.2	0.55	
2752	2.225	0.55	
2753	2.25	0.55	
2754	2.275	0.55	
2755	2.3	0.55	
2756	2.325	0.55	
2757	2.35	0.55	
2758	2.375	0.55	
2759	2.4	0.55	
2760	2.425	0.55	
2761	2.45	0.55	
2762	2.475	0.55	
2763	2.5	0.55	
2764	2.525	0.55	
2765	2.55	0.55	
2766	2.575	0.55	
2767	2.6	0.55	
2768	2.625	0.55	
2769	2.65	0.55	
2770	2.675	0.55	
2771	2.7	0.55	
2772	2.725	0.55	
2773	2.75	0.55	
2774	2.775	0.55	
2775	2.8	0.55	
2776	2.825	0.55	
2777	2.85	0.55	
2778	2.875	0.55	
2779	2.9	0.55	
2780	2.925	0.55	
2781	2.95	0.55	
2782	2.975	0.55	
2783	3	0.55	
2784	0	0.575	
2785	0.025	0.575	
2786	0.05	0.575	
2787	0.075	0.575	
2788	0.1	0.575	
2789	0.125	0.575	
2790	0.15	0.575	
2791	0.175	0.575	
2792	0.2	0.575	
2793	0.225	0.575	
2794	0.25	0.575	
2795	0.275	0.575	
2796	0.3	0.575	
2797	0.325	0.575	
2798	0.35	0.575	
2799	0.375	0.575	
2800	0.4	0.575	
2801	0.425	0.575	
2802	0.45	0.575	
2803	0.475	0.575	
2804	0.5	0.575	
2805	0.525	0.575	
2806	0.55	0.575	
2807	0.575	0.575	
2808	0.6	0.575	
2809	0.625	0.575	
2810	0.65	0.575	
2811	0.675	0.575	
2812	0.7	0.575	
2813	0.725	0.575	
2814	0.75	0.575	
2815	0.775	0.575	
2816	0.8	0.575	
2817	0.825	0.575	
2818	0.85	0.575	
2819	0.875	0.575	
2820	0.9	0.575	
2821	0.925	0.575	
2822	0.95	0.575	
2823	0.975	0.575	
2824	1	0.575	
2825	1.025	0.575	
2826	1.05	0.575	
2827	1.075	0.575	
2828	1.1	0.575	
2829	1.125	0.575	
2830	1.15	0.575	
2831	1.175	0.575	
2832	1.2	0.575	
2833	1.225	0.575	
2834	1.25	0.575	
2835	1.275	0.575	
2836	1.3	0.575	
2837	1.325	0.575	
2838	1.35	0.575	
2839	1.375	0.575	
2840	1.4	0.575	
2841	1.425	0.575	
2842	1.45	0.575	
2843	1.475	0.575	
2844	1.5	0.575	
2845	1.525	0.575	
2846	1.55	0.575	
2847	1.575	0.575	
2848	1.6	0.575	
2849	1.625	0.575	
2850	1.65	0.575	
2851	1.675	0.575	
2852	1.7	0.575	
2853	1.725	0.575	
2854	1.75	0.575	
2855	1.775	0.575	
2856	1.8	0.575	
2857	1.825	0.575	
2858	1.85	0.575	
2859	1.875	0.575	
2860	1.9	0.575	
2861	1.925	0.575	
2862	1.95	0.575	
2863	1.975	0.575	
2864	2	0.575	
2865	2.025	0.575	
2866	2.05	0.575	
2867	2.075	0.575	
2868	2.1	0.575	
2869	2.125	0.575	
2870	2.15	0.575	
2871	2.175	0.575	
2872	2.2	0.575	
2873	2.225	0.575	
2874	2.25	0.575	
2875	2.275	0.575	
2876	2.3	0.575	
2877	2.325	0.575	
2878	2.35	0.575	
2879	2.375	0.575	
2880	2.4	0.575	
2881	2.425	0.575	
2882	2.45	0.575	
2883	2.475	0.575	
2884	2.5	0.575	
2885	2.525	0.575	
2886	2.55	0.575	
2887	2.575	0.575	
2888	2.6	0.575	
2889	2.625	0.575	
2890	2.65	0.575	
2891	2.675	0.575	
2892	2.7	0.575	
2893	2.725	0.575	
2894	2.75	0.575	
2895	2.775	0.575	
2896	2.8	0.575	
2897	2.825	0.575	
2898	2.85	0.575	
2899	2.875	0.575	
2900	2.9	0.575	
2901	2.925	0.575	
2902	2.95	0.575	
2903	2.975	0.575	
2904	3	0.575	
2905	0	0.6	
2906	0.025	0.6	
2907	0.05	0.6	
2908	0.075	0.6	
2909	0.1	0.6	
2910	0.125	0.6	
2911	0.15	0.6	
2912	0.175	0.6	
2913	0.2	0.6	
2914	0.225	0.6	
2915	0.25	0.6	
2916	0.275	0.6	
2917	0.3	0.6	
2918	0.325	0.6	
2919	0.35	0.6	
2920	0.375	0.6	
2921	0.4	0.6	
2922	0.425	0.6	
2923	0.45	0.6	
2924	0.475	0.6	
2925	0.5	0.6	
2926	0.525	0.6	
2927	0.55	0.6	
2928	0.575	0.6	
2929	0.6	0.6	
2930	0.625	0.6	
2931	0.65	0.6	
2932	0.675	0.6	
2933	0.7	0.6	
2934	0.725	0.6	
2935	0.75	0.6	
2936	0.775	0.6	
2937	0.8	0.6	
2938	0.825	0.6	
2939	0.85	0.6	
2940	0.875	0.6	
2941	0.9	0.6	
2942	0.925	0.6	
2943	0.95	0.6	
2944	0.975	0.6	
2945	1	0.6	
2946	1.025	0.6	
2947	1.05	0.6	
2948	1.075	0.6	
2949	1.1	0.6	
2950	1.125	0.6	
2951	1.15	0.6	
2952	1.175	0.6	
2953	1.2	0.6	
2954	1.225	0.6	
2955	1.25	0.6	
2956	1.275	0.6	
2957	1.3	0.6	
2958	1.325	0.6	
2959	1.35	0.6	
2960	1.375	0.6	
2961	1.4	0.6	
2962	1.425	0.6	
2963	1.45	0.6	
2964	1.475	0.6	
2965	1.5	0.6	
2966	1.525	0.6	
2967	1.55	0.6	
2968	1.575	0.6	
2969	1.6	0.6	
2970	1.625	0.6	
2971	1.65	0.6	
2972	1.675	0.6	
2973	1.7	0.6	
2974	1.725	0.6	
2975	1.75	0.6	
2976	1.775	0.6	
2977	1.8	0.6	
2978	1.825	0.6	
2979	1.85	0.6	
2980	1.875	0.6	
2981	1.9	0.6	
2982	1.925	0.6	
2983	1.95	0.6	
2984	1.975	0.6	
2985	2	0.6	
2986	2.025	0.6	
2987	2.05	0.6	
2988	2.075	0.6	
2989	2.1	0.6	
2990	2.125	0.6	
2991	2.15	0.6	
2992	2.175	0.6	
2993	2.2	0.6	
2994	2.225	0.6	
2995	2.25	0.6	
2996	2.275	0.6	
2997	2.3	0.6	
2998	2.325	0.6	
2999	2.35	0.6	
3000	2.375	0.6	
3001	2.4	0.6	
3002	2.425	0.6	
3003	2.45	0.6	
3004	2.475	0.6	
3005	2.5	0.6	
3006	2.525	0.6	
3007	2.55	0.6	
3008	2.575	0.6	
3009	2.6	0.6	
3010	2.625	0.6	
3011	2.65	0.6	
3012	2.675	0.6	
3013	2.7	0.6	
3014	2.725	0.6	
3015	2.75	0.6	
3016	2.775	0.6	
3017	2.8	0.6	
3018	2.825	0.6	
3019	2.85	0.6	
3020	2.875	0.6	
3021	2.9	0.6	
3022	2.925	0.6	
3023	2.95	0.6	
3024	2.975	0.6	
3025	3	0.6	
3026	0	0.625	
3027	0.025	0.625	
3028	0.05	0.625	
3029	0.075	0.625	
3030	0.1	0.625	
3031	0.125	0.625	
3032	0.15	0.625	
3033	0.175	0.625	
3034	0.2	0.625	
3035	0.225	0.625	
3036	0.25	0.625	
3037	0.275	0.625	
3038	0.3	0.625	
3039	0.325	0.625	
3040	0.35	0.625	
3041	0.375	0.625	
3042	0.4	0.625	
3043	0.425	0.625	
3044	0.45	0.625	
3045	0.475	0.625	
3046	0.5	0.625	
3047	0.525	0.625	
3048	0.55	0.625	
3049	0.575	0.625	
3050	0.6	0.625	
3051	0.625	0.625	
3052	0.65	0.625	
3053	0.675	0.625	
3054	0.7	0.625	
3055	0.725	0.625	
3056	0.75	0.625	
3057	0.775	0.625	
3058	0.8	0.625	
3059	0.825	0.625	
3060	0.85	0.625	
3061	0.875	0.625	
3062	0.9	0.625	
3063	0.925	0.625	
3064	0.95	0.625	
3065	0.975	0.625	
3066	1	0.625	
3067	1.025	0.625	
3068	1.05	0.625	
3069	1.075	0.625	
3070	1.1	0.625	
3071	1.125	0.625	
3072	1.15	0.625	
3073	1.175	0.625	
3074	1.2	0.625	
3075	1.225	0.625	
3076	1.25	0.625	
3077	1.275	0.625	
3078	1.3	0.625	
3079	1.325	0.625	
3080	1.35	0.625	
3081	1.375	0.625	
3082	1.4	0.625	
3083	1.425	0.625	
3084	1.45	0.625	
3085	1.475	0.625	
3086	1.5	0.625	
3087	1.525	0.625	
3088	1.55	0.625	
3089	1.575	0.625	
3090	1.6	0.625	
3091	1.625	0.625	
3092	1.65	0.625	
3093	1.675	0.625	
3094	1.7	0.625	
3095	1.725	0.625	
3096	1.75	0.625	
3097	1.775	0.625	
3098	1.8	0.625	
3099	1.825	0.625	
3100	1.85	0.625	
3101	1.875	0.625	
3102	1.9	0.625	
3103	1.925	0.625	
3104	1.95	0.625	
3105	1.975	0.625	
3106	2	0.625	
3107	2.025	0.625	
3108	2.05	0.625	
3109	2.075	0.625	
3110	2.1	0.625	
3111	2.125	0.625	
3112	2.15	0.625	
3113	2.175	0.625	
3114	2.2	0.625	
3115	2.225	0.625	
3116	2.25	0.625	
3117	2.275	0.625	
3118	2.3	0.625	
3119	2.325	0.625	
3120	2.35	0.625	
3121	2.375	0.625	
3122	2.4	0.625	
3123	2.425	0.625	
3124	2.45	0.625	
3125	2.475	0.625	
3126	2.5	0.625	
3127	2.525	0.625	
3128	2.55	0.625	
3129	2.575	0.625	
3130	2.6	0.625	
3131	2.625	0.625	
3132	2.65	0.625	
3133	2.675	0.625	
3134	2.7	0.625	
3135	2.725	0.625	
3136	2.75	0.625	
3137	2.775	0.625	
3138	2.8	0.625	
3139	2.825	0.625	
3140	2.85	0.625	
3141	2.875	0.625	
3142	2.9	0.625	
3143	2.925	0.625	
3144	2.95	0.625	
3145	2.975	0.625	
3146	3	0.625	
3147	0	0.65	
3148	0.025	0.65	
3149	0.05	0.65	
3150	0.075	0.65	
3151	0.1	0.65	
3152	0.125	0.65	
3153	0.15	0.65	
3154	0.175	0.65	
3155	0.2	0.65	
3156	0.225	0.65	
3157	0.25	0.65	
3158	0.275	0.65	
3159	0.3	0.65	
3160	0.325	0.65	
3161	0.35	0.65	
3162	0.375	0.65	
3163	0.4	0.65	
3164	0.425	0.65	
3165	0.45	0.65	
3166	0.475	0.65	
3167	0.5	0.65	
3168	0.525	0.65	
3169	0.55	0.65	
3170	0.575	0.65	
3171	0.6	0.65	
3172	0.625	0.65	
3173	0.65	0.65	
3174	0.675	0.65	
3175	0.7	0.65	
3176	0.725	0.65	
3177	0.75	0.65	
3178	0.775	0.65	
3179	0.8	0.65	
3180	0.825	0.65	
3181	0.85	0.65	
3182	0.875	0.65	
3183	0.9	0.65	
3184	0.925	0.65	
3185	0.95	0.65	
3186	0.975	0.65	
3187	1	0.65	
3188	1.025	0.65	
3189	1.05	0.65	
3190	1.075	0.65	
3191	1.1	0.65	
3192	1.125	0.65	
3193	1.15	0.65	
3194	1.175	0.65	
3195	1.2	0.65	
3196	1.225	0.65	
3197	1.25	0.65	
3198	1.275	0.65	
3199	1.3	0.65	
3200	1.325	0.65	
3201	1.35	0.65	
3202	1.375	0.65	
3203	1.4	0.65	
3204	1.425	0.65	
3205	1.45	0.65	
3206	1.475	0.65	
3207	1.5	0.65	
3208	1.525	0.65	
3209	1.55	0.65	
3210	1.575	0.65	
3211	1.6	0.65	
3212	1.625	0.65	
3213	1.65	0.65	
3214	1.675	0.65	
3215	1.7	0.65	
3216	1.725	0.65	
3217	1.75	0.65	
3218	1.775	0.65	
3219	1.8	0.65	
3220	1.825	0.65	
3221	1.85	0.65	
3222	1.875	0.65	
3223	1.9	0.65	
3224	1.925	0.65	
3225	1.95	0.65	
3226	1.975	0.65	
3227	2	0.65	
3228	2.025	0.65	
3229	2.05	0.65	
3230	2.075	0.65	
3231	2.1	0.65	
3232	2.125	0.65	
3233	2.15	0.65	
3234	2.175	0.65	
3235	2.2	0.65	
3236	2.225	0.65	
3237	2.25	0.65	
3238	2.275	0.65	
3239	2.3	0.65	
3240	2.325	0.65	
3241	2.35	0.65	
3242	2.375	0.65	
3243	2.4	0.65	
3244	2.425	0.65	
3245	2.45	0.65	
3246	2.475	0.65	
3247	2.5	0.65	
3248	2.525	0.65	
3249	2.55	0.65	
3250	2.575	0.65	
3251	2.6	0.65	
3252	2.625	0.65	
3253	2.65	0.65	
3254	2.675	0.65	
3255	2.7	0.65	
3256	2.725	0.65	
3257	2.75	0.65	
3258	2.775	0.65	
3259	2.8	0.65	
3260	2.825	0.65	
3261	2.85	0.65	
3262	2.875	0.65	
3263	2.9	0.65	
3264	2.925	0.65	
3265	2.95	0.65	
3266	2.975	0.65	
3267	3	0.65	
3268	0	0.675	
3269	0.025	0.675	
3270	0.05	0.675	
3271	0.075	0.675	
3272	0.1	0.675	
3273	0.125	0.675	
3274	0.15	0.675	
3275	0.175	0.675	
3276	0.2	0.675	
3277	0.225	0.675	
3278	0.25	0.675	
3279	0.275	0.675	
3280	0.3	0.675	
3281	0.325	0.675	
3282	0.35	0.675	
3283	0.375	0.675	
3284	0.4	0.675	
3285	0.425	0.675	
3286	0.45	0.675	
3287	0.475	0.675	
3288	0.5	0.675	
3289	0.525	0.675	
3290	0.55	0.675	
3291	0.575	0.675	
3292	0.6	0.675	
3293	0.625	0.675	
3294	0.65	0.675	
3295	0.675	0.675	
3296	0.7	0.675	
3297	0.725	0.675	
3298	0.75	0.675	
3299	0.775	0.675	
3300	0.8	0.675	
3301	0.825	0.675	
3302	0.85	0.675	
3303	0.875	0.675	
3304	0.9	0.675	
3305	0.925	0.675	
3306	0.95	0.675	
3307	0.975	0.675	
3308	1	0.675	
3309	1.025	0.675	
3310	1.05	0.675	
3311	1.075	0.675	
3312	1.1	0.675	
3313	1.125	0.675	
3314	1.15	0.675	
3315	1.175	0.675	
3316	1.2	0.675	
3317	1.225	0.675	
3318	1.25	0.675	
3319	1.275	0.675	
3320	1.3	0.675	
3321	1.325	0.675	
3322	1.35	0.675	
3323	1.375	0.675	
3324	1.4	0.675	
3325	1.425	0.675	
3326	1.45	0.675	
3327	1.475	0.675	
3328	1.5	0.675	
3329	1.525	0.675	
3330	1.55	0.675	
3331	1.575	0.675	
3332	1.6	0.675	
3333	1.625	0.675	
3334	1.65	0.675	
3335	1.675	0.675	
3336	1.7	0.675	
3337	1.725	0.675	
3338	1.75	0.675	
3339	1.775	0.675	
3340	1.8	0.675	
3341	1.825	0.675	
3342	1.85	0.675	
3343	1.875	0.675	
3344	1.9	0.675	
3345	1.925	0.675	
3346	1.95	0.675	
3347	1.975	0.675	
3348	2	0.675	
3349	2.025	0.675	
3350	2.05	0.675	
3351	2.075	0.675	
3352	2.1	0.675	
3353	2.125	0.675	
3354	2.15	0.675	
3355	2.175	0.675	
3356	2.2	0.675	
3357	2.225	0.675	
3358	2.25	0.675	
3359	2.275	0.675	
3360	2.3	0.675	
3361	2.325	0.675	
3362	2.35	0.675	
3363	2.375	0.675	
3364	2.4	0.675	
3365	2.425	0.675	
3366	2.45	0.675	
3367	2.475	0.675	
3368	2.5	0.675	
3369	2.525	0.675	
3370	2.55	0.675	
3371	2.575	0.675	
3372	2.6	0.675	
3373	2.625	0.675	
3374	2.65	0.675	
3375	2.675	0.675	
3376	2.7	0.675	
3377	2.725	0.675	
3378	2.75	0.675	
3379	2.775	0.675	
3380	2.8	0.675	
3381	2.825	0.675	
3382	2.85	0.675	
3383	2.875	0.675	
3384	2.9	0.675	
3385	2.925	0.675	
3386	2.95	0.675	
3387	2.975	0.675	
3388	3	0.675	
3389	0	0.7	
3390	0.025	0.7	
3391	0.05	0.7	
3392	0.075	0.7	
3393	0.1	0.7	
3394	0.125	0.7	
3395	0.15	0.7	
3396	0.175	0.7	
3397	0.2	0.7	
3398	0.225	0.7	
3399	0.25	0.7	
3400	0.275	0.7	
3401	0.3	0.7	
3402	0.325	0.7	
3403	0.35	0.7	
3404	0.375	0.7	
3405	0.4	0.7	
3406	0.425	0.7	
3407	0.45	0.7	
3408	0.475	0.7	
3409	0.5	0.7	
3410	0.525	0.7	
3411	0.55	0.7	
3412	0.575	0.7	
3413	0.6	0.7	
3414	0.625	0.7	
3415	0.65	0.7	
3416	0.675	0.7	
3417	0.7	0.7	
3418	0.725	0.7	
3419	0.75	0.7	
3420	0.775	0.7	
3421	0.8	0.7	
3422	0.825	0.7	
3423	0.85	0.7	
3424	0.875	0.7	
3425	0.9	0.7	
3426	0.925	0.7	
3427	0.95	0.7	
3428	0.975	0.7	
3429	1	0.7	
3430	1.025	0.7	
3431	1.05	0.7	
3432	1.075	0.7	
3433	1.1	0.7	
3434	1.125	0.7	
3435	1.15	0.7	
3436	1.175	0.7	
3437	1.2	0.7	
3438	1.225	0.7	
3439	1.25	0.7	
3440	1.275	0.7	
3441	1.3	0.7	
3442	1.325	0.7	
3443	1.35	0.7	
3444	1.375	0.7	
3445	1.4	0.7	
3446	1.425	0.7	
3447	1.45	0.7	
3448	1.475	0.7	
3449	1.5	0.7	
3450	1.525	0.7	
3451	1.55	0.7	
3452	1.575	0.7	
3453	1.6	0.7	
3454	1.625	0.7	
3455	1.65	0.7	
3456	1.675	0.7	
3457	1.7	0.7	
3458	1.725	0.7	
3459	1.75	0.7	
3460	1.775	0.7	
3461	1.8	0.7	
3462	1.825	0.7	
3463	1.85	0.7	
3464	1.875	0.7	
3465	1.9	0.7	
3466	1.925	0.7	
3467	1.95	0.7	
3468	1.975	0.7	
3469	2	0.7	
3470	2.025	0.7	
3471	2.05	0.7	
3472	2.075	0.7	
3473	2.1	0.7	
3474	2.125	0.7	
3475	2.15	0.7	
3476	2.175	0.7	
3477	2.2	0.7	
3478	2.225	0.7	
3479	2.25	0.7	
3480	2.275	0.7	
3481	2.3	0.7	
3482	2.325	0.7	
3483	2.35	0.7	
3484	2.375	0.7	
3485	2.4	0.7	
3486	2.425	0.7	
3487	2.45	0.7	
3488	2.475	0.7	
3489	2.5	0.7	
3490	2.525	0.7	
3491	2.55	0.7	
3492	2.575	0.7	
3493	2.6	0.7	
3494	2.625	0.7	
3495	2.65	0.7	
3496	2.675	0.7	
3497	2.7	0.7	
3498	2.725	0.7	
3499	2.75	0.7	
3500	2.775	0.7	
3501	2.8	0.7	
3502	2.825	0.7	
3503	2.85	0.7	
3504	2.875	0.7	
3505	2.9	0.7	
3506	2.925	0.7	
3507	2.95	0.7	
3508	2.975	0.7	
3509	3	0.7	
3510	0	0.725	
3511	0.025	0.725	
3512	0.05	0.725	
3513	0.075	0.725	
3514	0.1	0.725	
3515	0.125	0.725	
3516	0.15	0.725	
3517	0.175	0.725	
3518	0.2	0.725	
3519	0.225	0.725	
3520	0.25	0.725	
3521	0.275	0.725	
3522	0.3	0.725	
3523	0.325	0.725	
3524	0.35	0.725	
3525	0.375	0.725	
3526	0.4	0.725	
3527	0.425	0.725	
3528	0.45	0.725	
3529	0.475	0.725	
3530	0.5	0.725	
3531	0.525	0.725	
3532	0.55	0.725	
3533	0.575	0.725	
3534	0.6	0.725	
3535	0.625	0.725	
3536	0.65	0.725	
3537	0.675	0.725	
3538	0.7	0.725	
3539	0.725	0.725	
3540	0.75	0.725	
3541	0.775	0.725	
3542	0.8	0.725	
3543	0.825	0.725	
3544	0.85	0.725	
3545	0.875	0.725	
3546	0.9	0.725	
3547	0.925	0.725	
3548	0.95	0.725	
3549	0.975	0.725	
3550	1	0.725	
3551	1.025	0.725	
3552	1.05	0.725	
3553	1.075	0.725	
3554	1.1	0.725	
3555	1.125	0.725	
3556	1.15	0.725	
3557	1.175	0.725	
3558	1.2	0.725	
3559	1.225	0.725	
3560	1.25	0.725	
3561	1.275	0.725	
3562	1.3	0.725	
3563	1.325	0.725	
3564	1.35	0.725	
3565	1.375	0.725	
3566	1.4	0.725	
3567	1.425	0.725	
3568	1.45	0.725	
3569	1.475	0.725	
3570	1.5	0.725	
3571	1.525	0.725	
3572	1.55	0.725	
3573	1.575	0.725	
3574	1.6	0.725	
3575	1.625	0.725	
3576	1.65	0.725	
3577	1.675	0.725	
3578	1.7	0.725	
3579	1.725	0.725	
3580	1.75	0.725	
3581	1.775	0.725	
3582	1.8	0.725	
3583	1.825	0.725	
3584	1.85	0.725	
3585	1.875	0.725	
3586	1.9	0.725	
3587	1.925	0.725	
3588	1.95	0.725	
3589	1.975	0.725	
3590	2	0.725	
3591	2.025	0.725	
3592	2.05	0.725	
3593	2.075	0.725	
3594	2.1	0.725	
3595	2.125	0.725	
3596	2.15	0.725	
3597	2.175	0.725	
3598	2.2	0.725	
3599	2.225	0.725	
3600	2.25	0.725	
3601	2.275	0.725	
3602	2.3	0.725	
3603	2.325	0.725	
3604	2.35	0.725	
3605	2.375	0.725	
3606	2.4	0.725	
3607	2.425	0.725	
3608	2.45	0.725	
3609	2.475	0.725	
3610	2.5	0.725	
3611	2.525	0.725	
3612	2.55	0.725	
3613	2.575	0.725	
3614	2.6	0.725	
3615	2.625	0.725	
3616	2.65	0.725	
3617	2.675	0.725	
3618	2.7	0.725	
3619	2.725	0.725	
3620	2.75	0.725	
3621	2.775	0.725	
3622	2.8	0.725	
3623	2.825	0.725	
3624	2.85	0.725	
3625	2.875	0.725	
3626	2.9	0.725	
3627	2.925	0.725	
3628	2.95	0.725	
3629	2.975	0.725	
3630	3	0.725	
3631	0	0.75	
3632	0.025	0.75	
3633	0.05	0.75	
3634	0.075	0.75	
3635	0.1	0.75	
3636	0.125	0.75	
3637	0.15	0.75	
3638	0.175	0.75	
3639	0.2	0.75	
3640	0.225	0.75	
3641	0.25	0.75	
3642	0.275	0.75	
3643	0.3	0.75	
3644	0.325	0.75	
3645	0.35	0.75	
3646	0.375	0.75	
3647	0.4	0.75	
3648	0.425	0.75	
3649	0.45	0.75	
3650	0.475	0.75	
3651	0.5	0.75	
3652	0.525	0.75	
3653	0.55	0.75	
3654	0.575	0.75	
3655	0.6	0.75	
3656	0.625	0.75	
3657	0.65	0.75	
3658	0.675	0.75	
3659	0.7	0.75	
3660	0.725	0.75	
3661	0.75	0.75	
3662	0.775	0.75	
3663	0.8	0.75	
3664	0.825	0.75	
3665	0.85	0.75	
3666	0.875	0.75	
3667	0.9	0.75	
3668	0.925	0.75	
3669	0.95	0.75	
3670	0.975	0.75	
3671	1	0.75	
3672	1.025	0.75	
3673	1.05	0.75	
3674	1.075	0.75	
3675	1.1	0.75	
3676	1.125	0.75	
3677	1.15	0.75	
3678	1.175	0.75	
3679	1.2	0.75	
3680	1.225	0.75	
3681	1.25	0.75	
3682	1.275	0.75	
3683	1.3	0.75	
3684	1.325	0.75	
3685	1.35	0.75	
3686	1.375	0.75	
3687	1.4	0.75	
3688	1.425	0.75	
3689	1.45	0.75	
3690	1.475	0.75	
3691	1.5	0.75	
3692	1.525	0.75	
3693	1.55	0.75	
3694	1.575	0.75	
3695	1.6	0.75	
3696	1.625	0.75	
3697	1.65	0.75	
3698	1.675	0.75	
3699	1.7	0.75	
3700	1.725	0.75	
3701	1.75	0.75	
3702	1.775	0.75	
3703	1.8	0.75	
3704	1.825	0.75	
3705	1.85	0.75	
3706	1.875	0.75	
3707	1.9	0.75	
3708	1.925	0.75	
3709	1.95	0.75	
3710	1.975	0.75	
3711	2	0.75	
3712	2.025	0.75	
3713	2.05	0.75	
3714	2.075	0.75	
3715	2.1	0.75	
3716	2.125	0.75	
3717	2.15	0.75	
3718	2.175	0.75	
3719	2.2	0.75	
3720	2.225	0.75	
3721	2.25	0.75	
3722	2.275	0.75	
3723	2.3	0.75	
3724	2.325	0.75	
3725	2.35	0.75	
3726	2.375	0.75	
3727	2.4	0.75	
3728	2.425	0.75	
3729	2.45	0.75	
3730	2.475	0.75	
3731	2.5	0.75	
3732	2.525	0.75	
3733	2.55	0.75	
3734	2.575	0.75	
3735	2.6	0.75	
3736	2.625	0.75	
3737	2.65	0.75	
3738	2.675	0.75	
3739	2.7	0.75	
3740	2.725	0.75	
3741	2.75	0.75	
3742	2.775	0.75	
3743	2.8	0.75	
3744	2.825	0.75	
3745	2.85	0.75	
3746	2.875	0.75	
3747	2.9	0.75	
3748	2.925	0.75	
3749	2.95	0.75	
3750	2.975	0.75	
3751	3	0.75	
3752	0	0.775	
3753	0.025	0.775	
3754	0.05	0.775	
3755	0.075	0.775	
3756	0.1	0.775	
3757	0.125	0.775	
3758	0.15	0.775	
3759	0.175	0.775	
3760	0.2	0.775	
3761	0.225	0.775	
3762	0.25	0.775	
3763	0.275	0.775	
3764	0.3	0.775	
3765	0.325	0.775	
3766	0.35	0.775	
3767	0.375	0.775	
3768	0.4	0.775	
3769	0.425	0.775	
3770	0.45	0.775	
3771	0.475	0.775	
3772	0.5	0.775	
3773	0.525	0.775	
3774	0.55	0.775	
3775	0.575	0.775	
3776	0.6	0.775	
3777	0.625	0.775	
3778	0.65	0.775	
3779	0.675	0.775	
3780	0.7	0.775	
3781	0.725	0.775	
3782	0.75	0.775	
3783	0.775	0.775	
3784	0.8	0.775	
3785	0.825	0.775	
3786	0.85	0.775	
3787	0.875	0.775	
3788	0.9	0.775	
3789	0.925	0.775	
3790	0.95	0.775	
3791	0.975	0.775	
3792	1	0.775	
3793	1.025	0.775	
3794	1.05	0.775	
3795	1.075	0.775	
3796	1.1	0.775	
3797	1.125	0.775	
3798	1.15	0.775	
3799	1.175	0.775	
3800	1.2	0.775	
3801	1.225	0.775	
3802	1.25	0.775	
3803	1.275	0.775	
3804	1.3	0.775	
3805	1.325	0.775	
3806	1.35	0.775	
3807	1.375	0.775	
3808	1.4	0.775	
3809	1.425	0.775	
3810	1.45	0.775	
3811	1.475	0.775	
3812	1.5	0.775	
3813	1.525	0.775	
3814	1.55	0.775	
3815	1.575	0.775	
3816	1.6	0.775	
3817	1.625	0.775	
3818	1.65	0.775	
3819	1.675	0.775	
3820	1.7	0.775	
3821	1.725	0.775	
3822	1.75	0.775	
3823	1.775	0.775	
3824	1.8	0.775	
3825	1.825	0.775	
3826	1.85	0.775	
3827	1.875	0.775	
3828	1.9	0.775	
3829	1.925	0.775	
3830	1.95	0.775	
3831	1.975	0.775	
3832	2	0.775	
3833	2.025	0.775	
3834	2.05	0.775	
3835	2.075	0.775	
3836	2.1	0.775	
3837	2.125	0.775	
3838	2.15	0.775	
3839	2.175	0.775	
3840	2.2	0.775	
3841	2.225	0.775	
3842	2.25	0.775	
3843	2.275	0.775	
3844	2.3	0.775	
3845	2.325	0.775	
3846	2.35	0.775	
3847	2.375	0.775	
3848	2.4	0.775	
3849	2.425	0.775	
3850	2.45	0.775	
3851	2.475	0.775	
3852	2.5	0.775	
3853	2.525	0.775	
3854	2.55	0.775	
3855	2.575	0.775	
3856	2.6	0.775	
3857	2.625	0.775	
3858	2.65	0.775	
3859	2.675	0.775	
3860	2.7	0.775	
3861	2.725	0.775	
3862	2.75	0.775	
3863	2.775	0.775	
3864	2.8	0.775	
3865	2.825	0.775	
3866	2.85	0.775	
3867	2.875	0.775	
3868	2.9	0.775	
3869	2.925	0.775	
3870	2.95	0.775	
3871	2.975	0.775	
3872	3	0.775	
3873	0	0.8	
3874	0.025	0.8	
3875	0.05	0.8	
3876	0.075	0.8	
3877	0.1	0.8	
3878	0.125	0.8	
3879	0.15	0.8	
3880	0.175	0.8	
3881	0.2	0.8	
3882	0.225	0.8	
3883	0.25	0.8	
3884	0.275	0.8	
3885	0.3	0.8	
3886	0.325	0.8	
3887	0.35	0.8	
3888	0.375	0.8	
3889	0.4	0.8	
3890	0.425	0.8	
3891	0.45	0.8	
3892	0.475	0.8	
3893	0.5	0.8	
3894	0.525	0.8	
3895	0.55	0.8	
3896	0.575	0.8	
3897	0.6	0.8	
3898	0.625	0.8	
3899	0.65	0.8	
3900	0.675	0.8	
3901	0.7	0.8	
3902	0.725	0.8	
3903	0.75	0.8	
3904	0.775	0.8	
3905	0.8	0.8	
3906	0.825	0.8	
3907	0.85	0.8	
3908	0.875	0.8	
3909	0.9	0.8	
3910	0.925	0.8	
3911	0.95	0.8	
3912	0.975	0.8	
3913	1	0.8	
3914	1.025	0.8	
3915	1.05	0.8	
3916	1.075	0.8	
3917	1.1	0.8	
3918	1.125	0.8	
3919	1.15	0.8	
3920	1.175	0.8	
3921	1.2	0.8	
3922	1.225	0.8	
3923	1.25	0.8	
3924	1.275	0.8	
3925	1.3	0.8	
3926	1.325	0.8	
3927	1.35	0.8	
3928	1.375	0.8	
3929	1.4	0.8	
3930	1.425	0.8	
3931	1.45	0.8	
3932	1.475	0.8	
3933	1.5	0.8	
3934	1.525	0.8	
3935	1.55	0.8	
3936	1.575	0.8	
3937	1.6	0.8	
3938	1.625	0.8	
3939	1.65	0.8	
3940	1.675	0.8	
3941	1.7	0.8	
3942	1.725	0.8	
3943	1.75	0.8	
3944	1.775	0.8	
3945	1.8	0.8	
3946	1.825	0.8	
3947	1.85	0.8	
3948	1.875	0.8	
3949	1.9	0.8	
3950	1.925	0.8	
3951	1.95	0.8	
3952	1.975	0.8	
3953	2	0.8	
3954	2.025	0.8	
3955	2.05	0.8	
3956	2.075	0.8	
3957	2.1	0.8	
3958	2.125	0.8	
3959	2.15	0.8	
3960	2.175	0.8	
3961	2.2	0.8	
3962	2.225	0.8	
3963	2.25	0.8	
3964	2.275	0.8	
3965	2.3	0.8	
3966	2.325	0.8	
3967	2.35	0.8	
3968	2.375	0.8	
3969	2.4	0.8	
3970	2.425	0.8	
3971	2.45	0.8	
3972	2.475	0.8	
3973	2.5	0.8	
3974	2.525	0.8	
3975	2.55	0.8	
3976	2.575	0.8	
3977	2.6	0.8	
3978	2.625	0.8	
3979	2.65	0.8	
3980	2.675	0.8	
3981	2.7	0.8	
3982	2.725	0.8	
3983	2.75	0.8	
3984	2.775	0.8	
3985	2.8	0.8	
3986	2.825	0.8	
3987	2.85	0.8	
3988	2.875	0.8	
3989	2.9	0.8	
3990	2.925	0.8	
3991	2.95	0.8	
3992	2.975	0.8	
3993	3	0.8	
3994	0	0.825	
3995	0.025	0.825	
3996	0.05	0.825	
3997	0.075	0.825	
3998	0.1	0.825	
3999	0.125	0.825	
4000	0.15	0.825	
4001	0.175	0.825	
4002	0.2	0.825	
4003	0.225	0.825	
4004	0.25	0.825	
4005	0.275	0.825	
4006	0.3	0.825	
4007	0.325	0.825	
4008	0.35	0.825	
4009	0.375	0.825	
4010	0.4	0.825	
4011	0.425	0.825	
4012	0.45	0.825	
4013	0.475	0.825	
4014	0.5	0.825	
4015	0.525	0.825	
4016	0.55	0.825	
4017	0.575	0.825	
4018	0.6	0.825	
4019	0.625	0.825	
4020	0.65	0.825	
4021	0.675	0.825	
4022	0.7	0.825	
4023	0.725	0.825	
4024	0.75	0.825	
4025	0.775	0.825	
4026	0.8	0.825	
4027	0.825	0.825	
4028	0.85	0.825	
4029	0.875	0.825	
4030	0.9	0.825	
4031	0.925	0.825	
4032	0.95	0.825	
4033	0.975	0.825	
4034	1	0.825	
4035	1.025	0.825	
4036	1.05	0.825	
4037	1.075	0.825	
4038	1.1	0.825	
4039	1.125	0.825	
4040	1.15	0.825	
4041	1.175	0.825	
4042	1.2	0.825	
4043	1.225	0.825	
4044	1.25	0.825	
4045	1.275	0.825	
4046	1.3	0.825	
4047	1.325	0.825	
4048	1.35	0.825	
4049	1.375	0.825	
4050	1.4	0.825	
4051	1.425	0.825	
4052	1.45	0.825	
4053	1.475	0.825	
4054	1.5	0.825	
4055	1.525	0.825	
4056	1.55	0.825	
4057	1.575	0.825	
4058	1.6	0.825	
4059	1.625	0.825	
4060	1.65	0.825	
4061	1.675	0.825	
4062	1.7	0.825	
4063	1.725	0.825	
4064	1.75	0.825	
4065	1.775	0.825	
4066	1.8	0.825	
4067	1.825	0.825	
4068	1.85	0.825	
4069	1.875	0.825	
4070	1.9	0.825	
4071	1.925	0.825	
4072	1.95	0.825	
4073	1.975	0.825	
4074	2	0.825	
4075	2.025	0.825	
4076	2.05	0.825	
4077	2.075	0.825	
4078	2.1	0.825	
4079	2.125	0.825	
4080	2.15	0.825	
4081	2.175	0.825	
4082	2.2	0.825	
4083	2.225	0.825	
4084	2.25	0.825	
4085	2.275	0.825	
4086	2.3	0.825	
4087	2.325	0.825	
4088	2.35	0.825	
4089	2.375	0.825	
4090	2.4	0.825	
4091	2.425	0.825	
4092	2.45	0.825	
4093	2.475	0.825	
4094	2.5	0.825	
4095	2.525	0.825	
4096	2.55	0.825	
4097	2.575	0.825	
4098	2.6	0.825	
4099	2.625	0.825	
4100	2.65	0.825	
4101	2.675	0.825	
4102	2.7	0.825	
4103	2.725	0.825	
4104	2.75	0.825	
4105	2.775	0.825	
4106	2.8	0.825	
4107	2.825	0.825	
4108	2.85	0.825	
4109	2.875	0.825	
4110	2.9	0.825	
4111	2.925	0.825	
4112	2.95	0.825	
4113	2.975	0.825	
4114	3	0.825	
4115	0	0.85	
4116	0.025	0.85	
4117	0.05	0.85	
4118	0.075	0.85	
4119	0.1	0.85	
4120	0.125	0.85	
4121	0.15	0.85	
4122	0.175	0.85	
4123	0.2	0.85	
4124	0.225	0.85	
4125	0.25	0.85	
4126	0.275	0.85	
4127	0.3	0.85	
4128	0.325	0.85	
4129	0.35	0.85	
4130	0.375	0.85	
4131	0.4	0.85	
4132	0.425	0.85	
4133	0.45	0.85	
4134	0.475	0.85	
4135	0.5	0.85	
4136	0.525	0.85	
4137	0.55	0.85	
4138	0.575	0.85	
4139	0.6	0.85	
4140	0.625	0.85	
4141	0.65	0.85	
4142	0.675	0.85	
4143	0.7	0.85	
4144	0.725	0.85	
4145	0.75	0.85	
4146	0.775	0.85	
4147	0.8	0.85	
4148	0.825	0.85	
4149	0.85	0.85	
4150	0.875	0.85	
4151	0.9	0.85	
4152	0.925	0.85	
4153	0.95	0.85	
4154	0.975	0.85	
4155	1	0.85	
4156	1.025	0.85	
4157	1.05	0.85	
4158	1.075	0.85	
4159	1.1	0.85	
4160	1.125	0.85	
4161	1.15	0.85	
4162	1.175	0.85	
4163	1.2	0.85	
4164	1.225	0.85	
4165	1.25	0.85	
4166	1.275	0.85	
4167	1.3	0.85	
4168	1.325	0.85	
4169	1.35	0.85	
4170	1.375	0.85	
4171	1.4	0.85	
4172	1.425	0.85	
4173	1.45	0.85	
4174	1.475	0.85	
4175	1.5	0.85	
4176	1.525	0.85	
4177	1.55	0.85	
4178	1.575	0.85	
4179	1.6	0.85	
4180	1.625	0.85	
4181	1.65	0.85	
4182	1.675	0.85	
4183	1.7	0.85	
4184	1.725	0.85	
4185	1.75	0.85	
4186	1.775	0.85	
4187	1.8	0.85	
4188	1.825	0.85	
4189	1.85	0.85	
4190	1.875	0.85	
4191	1.9	0.85	
4192	1.925	0.85	
4193	1.95	0.85	
4194	1.975	0.85	
4195	2	0.85	
4196	2.025	0.85	
4197	2.05	0.85	
4198	2.075	0.85	
4199	2.1	0.85	
4200	2.125	0.85	
4201	2.15	0.85	
4202	2.175	0.85	
4203	2.2	0.85	
4204	2.225	0.85	
4205	2.25	0.85	
4206	2.275	0.85	
4207	2.3	0.85	
4208	2.325	0.85	
4209	2.35	0.85	
4210	2.375	0.85	
4211	2.4	0.85	
4212	2.425	0.85	
4213	2.45	0.85	
4214	2.475	0.85	
4215	2.5	0.85	
4216	2.525	0.85	
4217	2.55	0.85	
4218	2.575	0.85	
4219	2.6	0.85	
4220	2.625	0.85	
4221	2.65	0.85	
4222	2.675	0.85	
4223	2.7	0.85	
4224	2.725	0.85	
4225	2.75	0.85	
4226	2.775	0.85	
4227	2.8	0.85	
4228	2.825	0.85	
4229	2.85	0.85	
4230	2.875	0.85	
4231	2.9	0.85	
4232	2.925	0.85	
4233	2.95	0.85	
4234	2.975	0.85	
4235	3	0.85	
4236	0	0.875	
4237	0.025	0.875	
4238	0.05	0.875	
4239	0.075	0.875	
4240	0.1	0.875	
4241	0.125	0.875	
4242	0.15	0.875	
4243	0.175	0.875	
4244	0.2	0.875	
4245	0.225	0.875	
4246	0.25	0.875	
4247	0.275	0.875	
4248	0.3	0.875	
4249	0.325	0.875	
4250	0.35	0.875	
4251	0.375	0.875	
4252	0.4	0.875	
4253	0.425	0.875	
4254	0.45	0.875	
4255	0.475	0.875	
4256	0.5	0.875	
4257	0.525	0.875	
4258	0.55	0.875	
4259	0.575	0.875	
4260	0.6	0.875	
4261	0.625	0.875	
4262	0.65	0.875	
4263	0.675	0.875	
4264	0.7	0.875	
4265	0.725	0.875	
4266	0.75	0.875	
4267	0.775	0.875	
4268	0.8	0.875	
4269	0.825	0.875	
4270	0.85	0.875	
4271	0.875	0.875	
4272	0.9	0.875	
4273	0.925	0.875	
4274	0.95	0.875	
4275	0.975	0.875	
4276	1	0.875	
4277	1.025	0.875	
4278	1.05	0.875	
4279	1.075	0.875	
4280	1.1	0.875	
4281	1.125	0.875	
4282	1.15	0.875	
4283	1.175	0.875	
4284	1.2	0.875	
4285	1.225	0.875	
4286	1.25	0.875	
4287	1.275	0.875	
4288	1.3	0.875	
4289	1.325	0.875	
4290	1.35	0.875	
4291	1.375	0.875	
4292	1.4	0.875	
4293	1.425	0.875	
4294	1.45	0.875	
4295	1.475	0.875	
4296	1.5	0.875	
4297	1.525	0.875	
4298	1.55	0.875	
4299	1.575	0.875	
4300	1.6	0.875	
4301	1.625	0.875	
4302	1.65	0.875	
4303	1.675	0.875	
4304	1.7	0.875	
4305	1.725	0.875	
4306	1.75	0.875	
4307	1.775	0.875	
4308	1.8	0.875	
4309	1.825	0.875	
4310	1.85	0.875	
4311	1.875	0.875	
4312	1.9	0.875	
4313	1.925	0.875	
4314	1.95	0.875	
4315	1.975	0.875	
4316	2	0.875	
4317	2.025	0.875	
4318	2.05	0.875	
4319	2.075	0.875	
4320	2.1	0.875	
4321	2.125	0.875	
4322	2.15	0.875	
4323	2.175	0.875	
4324	2.2	0.875	
4325	2.225	0.875	
4326	2.25	0.875	
4327	2.275	0.875	
4328	2.3	0.875	
4329	2.325	0.875	
4330	2.35	0.875	
4331	2.375	0.875	
4332	2.4	0.875	
4333	2.425	0.875	
4334	2.45	0.875	
4335	2.475	0.875	
4336	2.5	0.875	
4337	2.525	0.875	
4338	2.55	0.875	
4339	2.575	0.875	
4340	2.6	0.875	
4341	2.625	0.875	
4342	2.65	0.875	
4343	2.675	0.875	
4344	2.7	0.875	
4345	2.725	0.875	
4346	2.75	0.875	
4347	2.775	0.875	
4348	2.8	0.875	
4349	2.825	0.875	
4350	2.85	0.875	
4351	2.875	0.875	
4352	2.9	0.875	
4353	2.925	0.875	
4354	2.95	0.875	
4355	2.975	0.875	
4356	3	0.875	
4357	0	0.9	
4358	0.025	0.9	
4359	0.05	0.9	
4360	0.075	0.9	
4361	0.1	0.9	
4362	0.125	0.9	
4363	0.15	0.9	
4364	0.175	0.9	
4365	0.2	0.9	
4366	0.225	0.9	
4367	0.25	0.9	
4368	0.275	0.9	
4369	0.3	0.9	
4370	0.325	0.9	
4371	0.35	0.9	
4372	0.375	0.9	
4373	0.4	0.9	
4374	0.425	0.9	
4375	0.45	0.9	
4376	0.475	0.9	
4377	0.5	0.9	
4378	0.525	0.9	
4379	0.55	0.9	
4380	0.575	0.9	
4381	0.6	0.9	
4382	0.625	0.9	
4383	0.65	0.9	
4384	0.675	0.9	
4385	0.7	0.9	
4386	0.725	0.9	
4387	0.75	0.9	
4388	0.775	0.9	
4389	0.8	0.9	
4390	0.825	0.9	
4391	0.85	0.9	
4392	0.875	0.9	
4393	0.9	0.9	
4394	0.925	0.9	
4395	0.95	0.9	
4396	0.975	0.9	
4397	1	0.9	
4398	1.025	0.9	
4399	1.05	0.9	
4400	1.075	0.9	
4401	1.1	0.9	
4402	1.125	0.9	
4403	1.15	0.9	
4404	1.175	0.9	
4405	1.2	0.9	
4406	1.225	0.9	
4407	1.25	0.9	
4408	1.275	0.9	
4409	1.3	0.9	
4410	1.325	0.9	
4411	1.35	0.9	
4412	1.375	0.9	
4413	1.4	0.9	
4414	1.425	0.9	
4415	1.45	0.9	
4416	1.475	0.9	
4417	1.5	0.9	
4418	1.525	0.9	
4419	1.55	0.9	
4420	1.575	0.9	
4421	1.6	0.9	
4422	1.625	0.9	
4423	1.65	0.9	
4424	1.675	0.9	
4425	1.7	0.9	
4426	1.725	0.9	
4427	1.75	0.9	
4428	1.775	0.9	
4429	1.8	0.9	
4430	1.825	0.9	
4431	1.85	0.9	
4432	1.875	0.9	
4433	1.9	0.9	
4434	1.925	0.9	
4435	1.95	0.9	
4436	1.975	0.9	
4437	2	0.9	
4438	2.025	0.9	
4439	2.05	0.9	
4440	2.075	0.9	
4441	2.1	0.9	
4442	2.125	0.9	
4443	2.15	0.9	
4444	2.175	0.9	
4445	2.2	0.9	
4446	2.225	0.9	
4447	2.25	0.9	
4448	2.275	0.9	
4449	2.3	0.9	
4450	2.325	0.9	
4451	2.35	0.9	
4452	2.375	0.9	
4453	2.4	0.9	
4454	2.425	0.9	
4455	2.45	0.9	
4456	2.475	0.9	
4457	2.5	0.9	
4458	2.525	0.9	
4459	2.55	0.9	
4460	2.575	0.9	
4461	2.6	0.9	
4462	2.625	0.9	
4463	2.65	0.9	
4464	2.675	0.9	
4465	2.7	0.9	
4466	2.725	0.9	
4467	2.75	0.9	
4468	2.775	0.9	
4469	2.8	0.9	
4470	2.825	0.9	
4471	2.85	0.9	
4472	2.875	0.9	
4473	2.9	0.9	
4474	2.925	0.9	
4475	2.95	0.9	
4476	2.975	0.9	
4477	3	0.9	
4478	0	0.925	
4479	0.025	0.925	
4480	0.05	0.925	
4481	0.075	0.925	
4482	0.1	0.925	
4483	0.125	0.925	
4484	0.15	0.925	
4485	0.175	0.925	
4486	0.2	0.925	
4487	0.225	0.925	
4488	0.25	0.925	
4489	0.275	0.925	
4490	0.3	0.925	
4491	0.325	0.925	
4492	0.35	0.925	
4493	0.375	0.925	
4494	0.4	0.925	
4495	0.425	0.925	
4496	0.45	0.925	
4497	0.475	0.925	
4498	0.5	0.925	
4499	0.525	0.925	
4500	0.55	0.925	
4501	0.575	0.925	
4502	0.6	0.925	
4503	0.625	0.925	
4504	0.65	0.925	
4505	0.675	0.925	
4506	0.7	0.925	
4507	0.725	0.925	
4508	0.75	0.925	
4509	0.775	0.925	
4510	0.8	0.925	
4511	0.825	0.925	
4512	0.85	0.925	
4513	0.875	0.925	
4514	0.9	0.925	
4515	0.925	0.925	
4516	0.95	0.925	
4517	0.975	0.925	
4518	1	0.925	
4519	1.025	0.925	
4520	1.05	0.925	
4521	1.075	0.925	
4522	1.1	0.925	
4523	1.125	0.925	
4524	1.15	0.925	
4525	1.175	0.925	
4526	1.2	0.925	
4527	1.225	0.925	
4528	1.25	0.925	
4529	1.275	0.925	
4530	1.3	0.925	
4531	1.325	0.925	
4532	1.35	0.925	
4533	1.375	0.925	
4534	1.4	0.925	
4535	1.425	0.925	
4536	1.45	0.925	
4537	1.475	0.925	
4538	1.5	0.925	
4539	1.525	0.925	
4540	1.55	0.925	
4541	1.575	0.925	
4542	1.6	0.925	
4543	1.625	0.925	
4544	1.65	0.925	
4545	1.675	0.925	
4546	1.7	0.925	
4547	1.725	0.925	
4548	1.75	0.925	
4549	1.775	0.925	
4550	1.8	0.925	
4551	1.825	0.925	
4552	1.85	0.925	
4553	1.875	0.925	
4554	1.9	0.925	
4555	1.925	0.925	
4556	1.95	0.925	
4557	1.975	0.925	
4558	2	0.925	
4559	2.025	0.925	
4560	2.05	0.925	
4561	2.075	0.925	
4562	2.1	0.925	
4563	2.125	0.925	
4564	2.15	0.925	
4565	2.175	0.925	
4566	2.2	0.925	
4567	2.225	0.925	
4568	2.25	0.925	
4569	2.275	0.925	
4570	2.3	0.925	
4571	2.325	0.925	
4572	2.35	0.925	
4573	2.375	0.925	
4574	2.4	0.925	
4575	2.425	0.925	
4576	2.45	0.925	
4577	2.475	0.925	
4578	2.5	0.925	
4579	2.525	0.925	
4580	2.55	0.925	
4581	2.575	0.925	
4582	2.6	0.925	
4583	2.625	0.925	
4584	2.65	0.925	
4585	2.675	0.925	
4586	2.7	0.925	
4587	2.725	0.925	
4588	2.75	0.925	
4589	2.775	0.925	
4590	2.8	0.925	
4591	2.825	0.925	
4592	2.85	0.925	
4593	2.875	0.925	
4594	2.9	0.925	
4595	2.925	0.925	
4596	2.95	0.925	
4597	2.975	0.925	
4598	3	0.925	
4599	0	0.95	
4600	0.025	0.95	
4601	0.05	0.95	
4602	0.075	0.95	
4603	0.1	0.95	
4604	0.125	0.95	
4605	0.15	0.95	
4606	0.175	0.95	
4607	0.2	0.95	
4608	0.225	0.95	
4609	0.25	0.95	
4610	0.275	0.95	
4611	0.3	0.95	
4612	0.325	0.95	
4613	0.35	0.95	
4614	0.375	0.95	
4615	0.4	0.95	
4616	0.425	0.95	
4617	0.45	0.95	
4618	0.475	0.95	
4619	0.5	0.95	
4620	0.525	0.95	
4621	0.55	0.95	
4622	0.575	0.95	
4623	0.6	0.95	
4624	0.625	0.95	
4625	0.65	0.95	
4626	0.675	0.95	
4627	0.7	0.95	
4628	0.725	0.95	
4629	0.75	0.95	
4630	0.775	0.95	
4631	0.8	0.95	
4632	0.825	0.95	
4633	0.85	0.95	
4634	0.875	0.95	
4635	0.9	0.95	
4636	0.925	0.95	
4637	0.95	0.95	
4638	0.975	0.95	
4639	1	0.95	
4640	1.025	0.95	
4641	1.05	0.95	
4642	1.075	0.95	
4643	1.1	0.95	
4644	1.125	0.95	
4645	1.15	0.95	
4646	1.175	0.95	
4647	1.2	0.95	
4648	1.225	0.95	
4649	1.25	0.95	
4650	1.275	0.95	
4651	1.3	0.95	
4652	1.325	0.95	
4653	1.35	0.95	
4654	1.375	0.95	
4655	1.4	0.95	
4656	1.425	0.95	
4657	1.45	0.95	
4658	1.475	0.95	
4659	1.5	0.95	
4660	1.525	0.95	
4661	1.55	0.95	
4662	1.575	0.95	
4663	1.6	0.95	
4664	1.625	0.95	
4665	1.65	0.95	
4666	1.675	0.95	
4667	1.7	0.95	
4668	1.725	0.95	
4669	1.75	0.95	
4670	1.775	0.95	
4671	1.8	0.95	
4672	1.825	0.95	
4673	1.85	0.95	
4674	1.875	0.95	
4675	1.9	0.95	
4676	1.925	0.95	
4677	1.95	0.95	
4678	1.975	0.95	
4679	2	0.95	
4680	2.025	0.95	
4681	2.05	0.95	
4682	2.075	0.95	
4683	2.1	0.95	
4684	2.125	0.95	
4685	2.15	0.95	
4686	2.175	0.95	
4687	2.2	0.95	
4688	2.225	0.95	
4689	2.25	0.95	
4690	2.275	0.95	
4691	2.3	0.95	
4692	2.325	0.95	
4693	2.35	0.95	
4694	2.375	0.95	
4695	2.4	0.95	
4696	2.425	0.95	
4697	2.45	0.95	
4698	2.475	0.95	
4699	2.5	0.95	
4700	2.525	0.95	
4701	2.55	0.95	
4702	2.575	0.95	
4703	2.6	0.95	
4704	2.625	0.95	
4705	2.65	0.95	
4706	2.675	0.95	
4707	2.7	0.95	
4708	2.725	0.95	
4709	2.75	0.95	
4710	2.775	0.95	
4711	2.8	0.95	
4712	2.825	0.95	
4713	2.85	0.95	
4714	2.875	0.95	
4715	2.9	0.95	
4716	2.925	0.95	
4717	2.95	0.95	
4718	2.975	0.95	
4719	3	0.95	
4720	0	0.975	
4721	0.025	0.975	
4722	0.05	0.975	
4723	0.075	0.975	
4724	0.1	0.975	
4725	0.125	0.975	
4726	0.15	0.975	
4727	0.175	0.975	
4728	0.2	0.975	
4729	0.225	0.975	
4730	0.25	0.975	
4731	0.275	0.975	
4732	0.3	0.975	
4733	0.325	0.975	
4734	0.35	0.975	
4735	0.375	0.975	
4736	0.4	0.975	
4737	0.425	0.975	
4738	0.45	0.975	
4739	0.475	0.975	
4740	0.5	0.975	
4741	0.525	0.975	
4742	0.55	0.975	
4743	0.575	0.975	
4744	0.6	0.975	
4745	0.625	0.975	
4746	0.65	0.975	
4747	0.675	0.975	
4748	0.7	0.975	
4749	0.725	0.975	
4750	0.75	0.975	
4751	0.775	0.975	
4752	0.8	0.975	
4753	0.825	0.975	
4754	0.85	0.975	
4755	0.875	0.975	
4756	0.9	0.975	
4757	0.925	0.975	
4758	0.95	0.975	
4759	0.975	0.975	
4760	1	0.975	
4761	1.025	0.975	
4762	1.05	0.975	
4763	1.075	0.975	
4764	1.1	0.975	
4765	1.125	0.975	
4766	1.15	0.975	
4767	1.175	0.975	
4768	1.2	0.975	
4769	1.225	0.975	
4770	1.25	0.975	
4771	1.275	0.975	
4772	1.3	0.975	
4773	1.325	0.975	
4774	1.35	0.975	
4775	1.375	0.975	
4776	1.4	0.975	
4777	1.425	0.975	
4778	1.45	0.975	
4779	1.475	0.975	
4780	1.5	0.975	
4781	1.525	0.975	
4782	1.55	0.975	
4783	1.575	0.975	
4784	1.6	0.975	
4785	1.625	0.975	
4786	1.65	0.975	
4787	1.675	0.975	
4788	1.7	0.975	
4789	1.725	0.975	
4790	1.75	0.975	
4791	1.775	0.975	
4792	1.8	0.975	
4793	1.825	0.975	
4794	1.85	0.975	
4795	1.875	0.975	
4796	1.9	0.975	
4797	1.925	0.975	
4798	1.95	0.975	
4799	1.975	0.975	
4800	2	0.975	
4801	2.025	0.975	
4802	2.05	0.975	
4803	2.075	0.975	
4804	2.1	0.975	
4805	2.125	0.975	
4806	2.15	0.975	
4807	2.175	0.975	
4808	2.2	0.975	
4809	2.225	0.975	
4810	2.25	0.975	
4811	2.275	0.975	
4812	2.3	0.975	
4813	2.325	0.975	
4814	2.35	0.975	
4815	2.375	0.975	
4816	2.4	0.975	
4817	2.425	0.975	
4818	2.45	0.975	
4819	2.475	0.975	
4820	2.5	0.975	
4821	2.525	0.975	
4822	2.55	0.975	
4823	2.575	0.975	
4824	2.6	0.975	
4825	2.625	0.975	
4826	2.65	0.975	
4827	2.675	0.975	
4828	2.7	0.975	
4829	2.725	0.975	
4830	2.75	0.975	
4831	2.775	0.975	
4832	2.8	0.975	
4833	2.825	0.975	
4834	2.85	0.975	
4835	2.875	0.975	
4836	2.9	0.975	
4837	2.925	0.975	
4838	2.95	0.975	
4839	2.975	0.975	
4840	3	0.975	
4841	0	1	
4842	0.025	1	
4843	0.05	1	
4844	0.075	1	
4845	0.1	1	
4846	0.125	1	
4847	0.15	1	
4848	0.175	1	
4849	0.2	1	
4850	0.225	1	
4851	0.25	1	
4852	0.275	1	
4853	0.3	1	
4854	0.325	1	
4855	0.35	1	
4856	0.375	1	
4857	0.4	1	
4858	0.425	1	
4859	0.45	1	
4860	0.475	1	
4861	0.5	1	
4862	0.525	1	
4863	0.55	1	
4864	0.575	1	
4865	0.6	1	
4866	0.625	1	
4867	0.65	1	
4868	0.675	1	
4869	0.7	1	
4870	0.725	1	
4871	0.75	1	
4872	0.775	1	
4873	0.8	1	
4874	0.825	1	
4875	0.85	1	
4876	0.875	1	
4877	0.9	1	
4878	0.925	1	
4879	0.95	1	
4880	0.975	1	
4881	1	1	
4882	1.025	1	
4883	1.05	1	
4884	1.075	1	
4885	1.1	1	
4886	1.125	1	
4887	1.15	1	
4888	1.175	1	
4889	1.2	1	
4890	1.225	1	
4891	1.25	1	
4892	1.275	1	
4893	1.3	1	
4894	1.325	1	
4895	1.35	1	
4896	1.375	1	
4897	1.4	1	
4898	1.425	1	
4899	1.45	1	
4900	1.475	1	
4901	1.5	1	
4902	1.525	1	
4903	1.55	1	
4904	1.575	1	
4905	1.6	1	
4906	1.625	1	
4907	1.65	1	
4908	1.675	1	
4909	1.7	1	
4910	1.725	1	
4911	1.75	1	
4912	1.775	1	
4913	1.8	1	
4914	1.825	1	
4915	1.85	1	
4916	1.875	1	
4917	1.9	1	
4918	1.925	1	
4919	1.95	1	
4920	1.975	1	
4921	2	1	
4922	2.025	1	
4923	2.05	1	
4924	2.075	1	
4925	2.1	1	
4926	2.125	1	
4927	2.15	1	
4928	2.175	1	
4929	2.2	1	
4930	2.225	1	
4931	2.25	1	
4932	2.275	1	
4933	2.3	1	
4934	2.325	1	
4935	2.35	1	
4936	2.375	1	
4937	2.4	1	
4938	2.425	1	
4939	2.45	1	
4940	2.475	1	
4941	2.5	1	
4942	2.525	1	
4943	2.55	1	
4944	2.575	1	
4945	2.6	1	
4946	2.625	1	
4947	2.65	1	
4948	2.675	1	
4949	2.7	1	
4950	2.725	1	
4951	2.75	1	
4952	2.775	1	
4953	2.8	1	
4954	2.825	1	
4955	2.85	1	
4956	2.875	1	
4957	2.9	1	
4958	2.925	1	
4959	2.95	1	
4960	2.975	1	
4961	3	1	
