1	6.12323399573677e-17	1	
2	6.39537772888062e-17	1.04444444444444	
3	6.66752146202448e-17	1.08888888888889	
4	6.93966519516833e-17	1.13333333333333	
5	7.21180892831219e-17	1.17777777777778	
6	7.48395266145605e-17	1.22222222222222	
7	7.7560963945999e-17	1.26666666666667	
8	8.02824012774376e-17	1.31111111111111	
9	8.30038386088762e-17	1.35555555555556	
10	8.57252759403147e-17	1.4	
11	8.84467132717533e-17	1.44444444444444	
12	9.11681506031919e-17	1.48888888888889	
13	9.38895879346304e-17	1.53333333333333	
14	9.6611025266069e-17	1.57777777777778	
15	9.93324625975075e-17	1.62222222222222	
16	1.02053899928946e-16	1.66666666666667	
17	1.04775337260385e-16	1.71111111111111	
18	1.07496774591823e-16	1.75555555555556	
19	1.10218211923262e-16	1.8	
20	1.129396492547e-16	1.84444444444444	
21	1.15661086586139e-16	1.88888888888889	
22	1.18382523917577e-16	1.93333333333333	
23	1.21103961249016e-16	1.97777777777778	
24	1.23825398580455e-16	2.02222222222222	
25	1.26546835911893e-16	2.06666666666667	
26	1.29268273243332e-16	2.11111111111111	
27	1.3198971057477e-16	2.15555555555556	
28	1.34711147906209e-16	2.2	
29	1.37432585237647e-16	2.24444444444444	
30	1.40154022569086e-16	2.28888888888889	
31	1.42875459900525e-16	2.33333333333333	
32	1.45596897231963e-16	2.37777777777778	
33	1.48318334563402e-16	2.42222222222222	
34	1.5103977189484e-16	2.46666666666667	
35	1.53761209226279e-16	2.51111111111111	
36	1.56482646557717e-16	2.55555555555556	
37	1.59204083889156e-16	2.6	
38	1.61925521220595e-16	2.64444444444444	
39	1.64646958552033e-16	2.68888888888889	
40	1.67368395883472e-16	2.73333333333333	
41	1.7008983321491e-16	2.77777777777778	
42	1.72811270546349e-16	2.82222222222222	
43	1.75532707877787e-16	2.86666666666667	
44	1.78254145209226e-16	2.91111111111111	
45	1.80975582540664e-16	2.95555555555556	
46	1.83697019872103e-16	3	
47	-0.0697564737441253	0.997564050259824	
48	-0.0728567614660865	1.04190023027137	
49	-0.0759570491880476	1.08623641028292	
50	-0.0790573369100087	1.13057259029447	
51	-0.0821576246319698	1.17490877030602	
52	-0.085257912353931	1.21924495031756	
53	-0.0883582000758921	1.26358113032911	
54	-0.0914584877978532	1.30791731034066	
55	-0.0945587755198143	1.35225349035221	
56	-0.0976590632417755	1.39658967036375	
57	-0.100759350963737	1.4409258503753	
58	-0.103859638685698	1.48526203038685	
59	-0.106959926407659	1.5295982103984	
60	-0.11006021412962	1.57393439040994	
61	-0.113160501851581	1.61827057042149	
62	-0.116260789573542	1.66260675043304	
63	-0.119361077295503	1.70694293044459	
64	-0.122461365017464	1.75127911045614	
65	-0.125561652739426	1.79561529046768	
66	-0.128661940461387	1.83995147047923	
67	-0.131762228183348	1.88428765049078	
68	-0.134862515905309	1.92862383050233	
69	-0.13796280362727	1.97296001051387	
70	-0.141063091349231	2.01729619052542	
71	-0.144163379071192	2.06163237053697	
72	-0.147263666793153	2.10596855054852	
73	-0.150363954515115	2.15030473056007	
74	-0.153464242237076	2.19464091057161	
75	-0.156564529959037	2.23897709058316	
76	-0.159664817680998	2.28331327059471	
77	-0.162765105402959	2.32764945060626	
78	-0.16586539312492	2.3719856306178	
79	-0.168965680846881	2.41632181062935	
80	-0.172065968568842	2.4606579906409	
81	-0.175166256290804	2.50499417065245	
82	-0.178266544012765	2.549330350664	
83	-0.181366831734726	2.59366653067554	
84	-0.184467119456687	2.63800271068709	
85	-0.187567407178648	2.68233889069864	
86	-0.190667694900609	2.72667507071019	
87	-0.19376798262257	2.77101125072173	
88	-0.196868270344531	2.81534743073328	
89	-0.199968558066493	2.85968361074483	
90	-0.203068845788454	2.90401979075638	
91	-0.206169133510415	2.94835597076792	
92	-0.209269421232376	2.99269215077947	
93	-0.139173100960065	0.99026806874157	
94	-0.145358572113846	1.03427998290786	
95	-0.151544043267627	1.07829189707415	
96	-0.157729514421407	1.12230381124045	
97	-0.163914985575188	1.16631572540674	
98	-0.170100456728969	1.21032763957303	
99	-0.176285927882749	1.25433955373932	
100	-0.18247139903653	1.29835146790561	
101	-0.188656870190311	1.34236338207191	
102	-0.194842341344091	1.3863752962382	
103	-0.201027812497872	1.43038721040449	
104	-0.207213283651653	1.47439912457078	
105	-0.213398754805434	1.51841103873707	
106	-0.219584225959214	1.56242295290337	
107	-0.225769697112995	1.60643486706966	
108	-0.231955168266776	1.65044678123595	
109	-0.238140639420556	1.69445869540224	
110	-0.244326110574337	1.73847060956853	
111	-0.250511581728118	1.78248252373483	
112	-0.256697052881898	1.82649443790112	
113	-0.262882524035679	1.87050635206741	
114	-0.26906799518946	1.9145182662337	
115	-0.27525346634324	1.95853018039999	
116	-0.281438937497021	2.00254209456629	
117	-0.287624408650802	2.04655400873258	
118	-0.293809879804582	2.09056592289887	
119	-0.299995350958363	2.13457783706516	
120	-0.306180822112144	2.17858975123145	
121	-0.312366293265924	2.22260166539775	
122	-0.318551764419705	2.26661357956404	
123	-0.324737235573486	2.31062549373033	
124	-0.330922706727267	2.35463740789662	
125	-0.337108177881047	2.39864932206292	
126	-0.343293649034828	2.44266123622921	
127	-0.349479120188609	2.4866731503955	
128	-0.355664591342389	2.53068506456179	
129	-0.36185006249617	2.57469697872808	
130	-0.368035533649951	2.61870889289438	
131	-0.374221004803731	2.66272080706067	
132	-0.380406475957512	2.70673272122696	
133	-0.386591947111293	2.75074463539325	
134	-0.392777418265073	2.79475654955954	
135	-0.398962889418854	2.83876846372584	
136	-0.405148360572635	2.88278037789213	
137	-0.411333831726415	2.92679229205842	
138	-0.417519302880196	2.97080420622471	
139	-0.207911690817759	0.978147600733806	
140	-0.21715221040966	1.02162082743309	
141	-0.22639273000156	1.06509405413237	
142	-0.235633249593461	1.10856728083165	
143	-0.244873769185361	1.15204050753093	
144	-0.254114288777261	1.19551373423021	
145	-0.263354808369162	1.23898696092949	
146	-0.272595327961062	1.28246018762877	
147	-0.281835847552963	1.32593341432805	
148	-0.291076367144863	1.36940664102733	
149	-0.300316886736763	1.41287986772661	
150	-0.309557406328664	1.45635309442589	
151	-0.318797925920564	1.49982632112517	
152	-0.328038445512465	1.54329954782445	
153	-0.337278965104365	1.58677277452373	
154	-0.346519484696266	1.63024600122301	
155	-0.355760004288166	1.67371922792229	
156	-0.365000523880066	1.71719245462157	
157	-0.374241043471967	1.76066568132085	
158	-0.383481563063867	1.80413890802013	
159	-0.392722082655768	1.84761213471941	
160	-0.401962602247668	1.89108536141869	
161	-0.411203121839568	1.93455858811797	
162	-0.420443641431469	1.97803181481725	
163	-0.429684161023369	2.02150504151653	
164	-0.43892468061527	2.06497826821581	
165	-0.44816520020717	2.10845149491509	
166	-0.457405719799071	2.15192472161437	
167	-0.466646239390971	2.19539794831365	
168	-0.475886758982871	2.23887117501293	
169	-0.485127278574772	2.28234440171221	
170	-0.494367798166672	2.32581762841149	
171	-0.503608317758573	2.36929085511077	
172	-0.512848837350473	2.41276408181005	
173	-0.522089356942373	2.45623730850933	
174	-0.531329876534274	2.49971053520861	
175	-0.540570396126174	2.54318376190789	
176	-0.549810915718075	2.58665698860718	
177	-0.559051435309975	2.63013021530646	
178	-0.568291954901876	2.67360344200574	
179	-0.577532474493776	2.71707666870502	
180	-0.586772994085676	2.7605498954043	
181	-0.596013513677577	2.80402312210358	
182	-0.605254033269477	2.84749634880286	
183	-0.614494552861378	2.89096957550214	
184	-0.623735072453278	2.93444280220142	
185	-0.275637355816999	0.961261695938319	
186	-0.287887904964421	1.00398443798002	
187	-0.300138454111843	1.04670718002172	
188	-0.312389003259266	1.08942992206343	
189	-0.324639552406688	1.13215266410513	
190	-0.33689010155411	1.17487540614683	
191	-0.349140650701532	1.21759814818854	
192	-0.361391199848954	1.26032089023024	
193	-0.373641748996377	1.30304363227194	
194	-0.385892298143799	1.34576637431365	
195	-0.398142847291221	1.38848911635535	
196	-0.410393396438643	1.43121185839705	
197	-0.422643945586065	1.47393460043876	
198	-0.434894494733487	1.51665734248046	
199	-0.44714504388091	1.55938008452216	
200	-0.459395593028332	1.60210282656386	
201	-0.471646142175754	1.64482556860557	
202	-0.483896691323176	1.68754831064727	
203	-0.496147240470598	1.73027105268897	
204	-0.508397789618021	1.77299379473068	
205	-0.520648338765443	1.81571653677238	
206	-0.532898887912865	1.85843927881408	
207	-0.545149437060287	1.90116202085579	
208	-0.557399986207709	1.94388476289749	
209	-0.569650535355131	1.98660750493919	
210	-0.581901084502554	2.0293302469809	
211	-0.594151633649976	2.0720529890226	
212	-0.606402182797398	2.1147757310643	
213	-0.61865273194482	2.157498473106	
214	-0.630903281092242	2.20022121514771	
215	-0.643153830239665	2.24294395718941	
216	-0.655404379387087	2.28566669923111	
217	-0.667654928534509	2.32838944127282	
218	-0.679905477681931	2.37111218331452	
219	-0.692156026829353	2.41383492535622	
220	-0.704406575976775	2.45655766739793	
221	-0.716657125124198	2.49928040943963	
222	-0.72890767427162	2.54200315148133	
223	-0.741158223419042	2.58472589352304	
224	-0.753408772566464	2.62744863556474	
225	-0.765659321713886	2.67017137760644	
226	-0.777909870861308	2.71289411964814	
227	-0.790160420008731	2.75561686168985	
228	-0.802410969156153	2.79833960373155	
229	-0.814661518303575	2.84106234577325	
230	-0.826912067450997	2.88378508781496	
231	-0.342020143325669	0.939692620785908	
232	-0.357221038584587	0.981456737265282	
233	-0.372421933843506	1.02322085374466	
234	-0.387622829102425	1.06498497022403	
235	-0.402823724361343	1.1067490867034	
236	-0.418024619620262	1.14851320318278	
237	-0.43322551487918	1.19027731966215	
238	-0.448426410138099	1.23204143614152	
239	-0.463627305397018	1.2738055526209	
240	-0.478828200655936	1.31556966910027	
241	-0.494029095914855	1.35733378557965	
242	-0.509229991173773	1.39909790205902	
243	-0.524430886432692	1.44086201853839	
244	-0.539631781691611	1.48262613501777	
245	-0.554832676950529	1.52439025149714	
246	-0.570033572209448	1.56615436797651	
247	-0.585234467468366	1.60791848445589	
248	-0.600435362727285	1.64968260093526	
249	-0.615636257986204	1.69144671741464	
250	-0.630837153245122	1.73321083389401	
251	-0.646038048504041	1.77497495037338	
252	-0.66123894376296	1.81673906685276	
253	-0.676439839021878	1.85850318333213	
254	-0.691640734280797	1.9002672998115	
255	-0.706841629539715	1.94203141629088	
256	-0.722042524798634	1.98379553277025	
257	-0.737243420057553	2.02555964924963	
258	-0.752444315316471	2.067323765729	
259	-0.76764521057539	2.10908788220837	
260	-0.782846105834308	2.15085199868775	
261	-0.798047001093227	2.19261611516712	
262	-0.813247896352146	2.23438023164649	
263	-0.828448791611064	2.27614434812587	
264	-0.843649686869983	2.31790846460524	
265	-0.858850582128901	2.35967258108461	
266	-0.87405147738782	2.40143669756399	
267	-0.889252372646739	2.44320081404336	
268	-0.904453267905657	2.48496493052274	
269	-0.919654163164576	2.52672904700211	
270	-0.934855058423494	2.56849316348148	
271	-0.950055953682413	2.61025727996086	
272	-0.965256848941332	2.65202139644023	
273	-0.98045774420025	2.6937855129196	
274	-0.995658639459169	2.73554962939898	
275	-1.01085953471809	2.77731374587835	
276	-1.02606042997701	2.81907786235773	
277	-0.4067366430758	0.913545457642601	
278	-0.424813827212503	0.954147477982272	
279	-0.442891011349205	0.994749498321943	
280	-0.460968195485907	1.03535151866161	
281	-0.479045379622609	1.07595353900129	
282	-0.497122563759311	1.11655555934096	
283	-0.515199747896014	1.15715757968063	
284	-0.533276932032716	1.1977596000203	
285	-0.551354116169418	1.23836162035997	
286	-0.56943130030612	1.27896364069964	
287	-0.587508484442823	1.31956566103931	
288	-0.605585668579525	1.36016768137898	
289	-0.623662852716227	1.40076970171865	
290	-0.641740036852929	1.44137172205833	
291	-0.659817220989632	1.481973742398	
292	-0.677894405126334	1.52257576273767	
293	-0.695971589263036	1.56317778307734	
294	-0.714048773399738	1.60377980341701	
295	-0.73212595753644	1.64438182375668	
296	-0.750203141673143	1.68498384409635	
297	-0.768280325809845	1.72558586443602	
298	-0.786357509946547	1.7661878847757	
299	-0.804434694083249	1.80678990511537	
300	-0.822511878219952	1.84739192545504	
301	-0.840589062356654	1.88799394579471	
302	-0.858666246493356	1.92859596613438	
303	-0.876743430630058	1.96919798647405	
304	-0.894820614766761	2.00980000681372	
305	-0.912897798903463	2.05040202715339	
306	-0.930974983040165	2.09100404749306	
307	-0.949052167176867	2.13160606783274	
308	-0.967129351313569	2.17220808817241	
309	-0.985206535450272	2.21281010851208	
310	-1.00328371958697	2.25341212885175	
311	-1.02136090372368	2.29401414919142	
312	-1.03943808786038	2.33461616953109	
313	-1.05751527199708	2.37521818987076	
314	-1.07559245613378	2.41582021021043	
315	-1.09366964027049	2.4564222305501	
316	-1.11174682440719	2.49702425088978	
317	-1.12982400854389	2.53762627122945	
318	-1.14790119268059	2.57822829156912	
319	-1.16597837681729	2.61883031190879	
320	-1.184055560954	2.65943233224846	
321	-1.2021327450907	2.70003435258813	
322	-1.2202099292274	2.7406363729278	
323	-0.469471562785891	0.882947592858927	
324	-0.490336965576375	0.922189708097102	
325	-0.511202368366859	0.961431823335276	
326	-0.532067771157343	1.00067393857345	
327	-0.552933173947827	1.03991605381163	
328	-0.573798576738311	1.0791581690498	
329	-0.594663979528795	1.11840028428797	
330	-0.615529382319279	1.15764239952615	
331	-0.636394785109763	1.19688451476432	
332	-0.657260187900247	1.2361266300025	
333	-0.678125590690731	1.27536874524067	
334	-0.698990993481215	1.31461086047885	
335	-0.719856396271699	1.35385297571702	
336	-0.740721799062183	1.3930950909552	
337	-0.761587201852667	1.43233720619337	
338	-0.782452604643151	1.47157932143155	
339	-0.803318007433635	1.51082143666972	
340	-0.824183410224119	1.55006355190789	
341	-0.845048813014603	1.58930566714607	
342	-0.865914215805087	1.62854778238424	
343	-0.886779618595571	1.66778989762242	
344	-0.907645021386055	1.70703201286059	
345	-0.928510424176539	1.74627412809877	
346	-0.949375826967023	1.78551624333694	
347	-0.970241229757507	1.82475835857512	
348	-0.991106632547991	1.86400047381329	
349	-1.01197203533848	1.90324258905147	
350	-1.03283743812896	1.94248470428964	
351	-1.05370284091944	1.98172681952781	
352	-1.07456824370993	2.02096893476599	
353	-1.09543364650041	2.06021105000416	
354	-1.1162990492909	2.09945316524234	
355	-1.13716445208138	2.13869528048051	
356	-1.15802985487186	2.17793739571869	
357	-1.17889525766235	2.21717951095686	
358	-1.19976066045283	2.25642162619504	
359	-1.22062606324332	2.29566374143321	
360	-1.2414914660338	2.33490585667139	
361	-1.26235686882428	2.37414797190956	
362	-1.28322227161477	2.41339008714773	
363	-1.30408767440525	2.45263220238591	
364	-1.32495307719574	2.49187431762408	
365	-1.34581847998622	2.53111643286226	
366	-1.3666838827767	2.57035854810043	
367	-1.38754928556719	2.60960066333861	
368	-1.40841468835767	2.64884277857678	
369	-0.529919264233205	0.848048096156426	
370	-0.553471231532458	0.885739122652267	
371	-0.577023198831712	0.923430149148108	
372	-0.600575166130965	0.961121175643949	
373	-0.624127133430219	0.998812202139791	
374	-0.647679100729473	1.03650322863563	
375	-0.671231068028726	1.07419425513147	
376	-0.69478303532798	1.11188528162731	
377	-0.718335002627233	1.14957630812316	
378	-0.741886969926487	1.187267334619	
379	-0.76543893722574	1.22495836111484	
380	-0.788990904524994	1.26264938761068	
381	-0.812542871824247	1.30034041410652	
382	-0.836094839123501	1.33803144060236	
383	-0.859646806422754	1.3757224670982	
384	-0.883198773722008	1.41341349359404	
385	-0.906750741021262	1.45110452008988	
386	-0.930302708320515	1.48879554658573	
387	-0.953854675619769	1.52648657308157	
388	-0.977406642919022	1.56417759957741	
389	-1.00095861021828	1.60186862607325	
390	-1.02451057751753	1.63955965256909	
391	-1.04806254481678	1.67725067906493	
392	-1.07161451211604	1.71494170556077	
393	-1.09516647941529	1.75263273205661	
394	-1.11871844671454	1.79032375855246	
395	-1.1422704140138	1.8280147850483	
396	-1.16582238131305	1.86570581154414	
397	-1.1893743486123	1.90339683803998	
398	-1.21292631591156	1.94108786453582	
399	-1.23647828321081	1.97877889103166	
400	-1.26003025051006	2.0164699175275	
401	-1.28358221780932	2.05416094402334	
402	-1.30713418510857	2.09185197051918	
403	-1.33068615240783	2.12954299701503	
404	-1.35423811970708	2.16723402351087	
405	-1.37779008700633	2.20492505000671	
406	-1.40134205430559	2.24261607650255	
407	-1.42489402160484	2.28030710299839	
408	-1.44844598890409	2.31799812949423	
409	-1.47199795620335	2.35568915599007	
410	-1.4955499235026	2.39338018248591	
411	-1.51910189080185	2.43107120898175	
412	-1.54265385810111	2.4687622354776	
413	-1.56620582540036	2.50645326197344	
414	-1.58975779269961	2.54414428846928	
415	-0.587785252292473	0.809016994374947	
416	-0.61390904128325	0.844973305236056	
417	-0.640032830274026	0.880929616097165	
418	-0.666156619264803	0.916885926958274	
419	-0.692280408255579	0.952842237819383	
420	-0.718404197246356	0.988798548680491	
421	-0.744527986237132	1.0247548595416	
422	-0.770651775227909	1.06071117040271	
423	-0.796775564218686	1.09666748126382	
424	-0.822899353209462	1.13262379212493	
425	-0.849023142200239	1.16858010298604	
426	-0.875146931191015	1.20453641384714	
427	-0.901270720181792	1.24049272470825	
428	-0.927394509172569	1.27644903556936	
429	-0.953518298163345	1.31240534643047	
430	-0.979642087154122	1.34836165729158	
431	-1.0057658761449	1.38431796815269	
432	-1.03188966513567	1.4202742790138	
433	-1.05801345412645	1.45623058987491	
434	-1.08413724311723	1.49218690073601	
435	-1.110261032108	1.52814321159712	
436	-1.13638482109878	1.56409952245823	
437	-1.16250861008956	1.60005583331934	
438	-1.18863239908033	1.63601214418045	
439	-1.21475618807111	1.67196845504156	
440	-1.24087997706189	1.70792476590267	
441	-1.26700376605266	1.74388107676378	
442	-1.29312755504344	1.77983738762488	
443	-1.31925134403422	1.81579369848599	
444	-1.34537513302499	1.8517500093471	
445	-1.37149892201577	1.88770632020821	
446	-1.39762271100655	1.92366263106932	
447	-1.42374649999732	1.95961894193043	
448	-1.4498702889881	1.99557525279154	
449	-1.47599407797888	2.03153156365265	
450	-1.50211786696965	2.06748787451375	
451	-1.52824165596043	2.10344418537486	
452	-1.55436544495121	2.13940049623597	
453	-1.58048923394198	2.17535680709708	
454	-1.60661302293276	2.21131311795819	
455	-1.63273681192354	2.2472694288193	
456	-1.65886060091431	2.28322573968041	
457	-1.68498438990509	2.31918205054152	
458	-1.71110817889587	2.35513836140262	
459	-1.73723196788664	2.39109467226373	
460	-1.76335575687742	2.42705098312484	
461	-0.642787609686539	0.766044443118978	
462	-0.67135594789483	0.800090862813155	
463	-0.699924286103121	0.834137282507332	
464	-0.728492624311411	0.868183702201508	
465	-0.757060962519702	0.902230121895685	
466	-0.785629300727993	0.936276541589862	
467	-0.814197638936283	0.970322961284039	
468	-0.842765977144574	1.00436938097822	
469	-0.871334315352865	1.03841580067239	
470	-0.899902653561155	1.07246222036657	
471	-0.928470991769446	1.10650864006075	
472	-0.957039329977736	1.14055505975492	
473	-0.985607668186027	1.1746014794491	
474	-1.01417600639432	1.20864789914328	
475	-1.04274434460261	1.24269431883745	
476	-1.0713126828109	1.27674073853163	
477	-1.09988102101919	1.31078715822581	
478	-1.12844935922748	1.34483357791998	
479	-1.15701769743577	1.37887999761416	
480	-1.18558603564406	1.41292641730834	
481	-1.21415437385235	1.44697283700251	
482	-1.24272271206064	1.48101925669669	
483	-1.27129105026893	1.51506567639087	
484	-1.29985938847722	1.54911209608504	
485	-1.32842772668551	1.58315851577922	
486	-1.35699606489381	1.6172049354734	
487	-1.3855644031021	1.65125135516758	
488	-1.41413274131039	1.68529777486175	
489	-1.44270107951868	1.71934419455593	
490	-1.47126941772697	1.75339061425011	
491	-1.49983775593526	1.78743703394428	
492	-1.52840609414355	1.82148345363846	
493	-1.55697443235184	1.85552987333264	
494	-1.58554277056013	1.88957629302681	
495	-1.61411110876842	1.92362271272099	
496	-1.64267944697671	1.95766913241517	
497	-1.671247785185	1.99171555210934	
498	-1.69981612339329	2.02576197180352	
499	-1.72838446160158	2.0598083914977	
500	-1.75695279980987	2.09385481119187	
501	-1.78552113801816	2.12790123088605	
502	-1.81408947622646	2.16194765058023	
503	-1.84265781443475	2.1959940702744	
504	-1.87122615264304	2.23004048996858	
505	-1.89979449085133	2.26408690966276	
506	-1.92836282905962	2.29813332935693	
507	-0.694658370458997	0.719339800338651	
508	-0.725532075812731	0.75131045813148	
509	-0.756405781166464	0.783281115924309	
510	-0.787279486520197	0.815251773717138	
511	-0.81815319187393	0.847222431509967	
512	-0.849026897227664	0.879193089302796	
513	-0.879900602581397	0.911163747095625	
514	-0.91077430793513	0.943134404888454	
515	-0.941648013288863	0.975105062681283	
516	-0.972521718642596	1.00707572047411	
517	-1.00339542399633	1.03904637826694	
518	-1.03426912935006	1.07101703605977	
519	-1.0651428347038	1.1029876938526	
520	-1.09601654005753	1.13495835164543	
521	-1.12689024541126	1.16692900943826	
522	-1.157763950765	1.19889966723109	
523	-1.18863765611873	1.23087032502391	
524	-1.21951136147246	1.26284098281674	
525	-1.2503850668262	1.29481164060957	
526	-1.28125877217993	1.3267822984024	
527	-1.31213247753366	1.35875295619523	
528	-1.34300618288739	1.39072361398806	
529	-1.37387988824113	1.42269427178089	
530	-1.40475359359486	1.45466492957372	
531	-1.43562729894859	1.48663558736655	
532	-1.46650100430233	1.51860624515937	
533	-1.49737470965606	1.5505769029522	
534	-1.52824841500979	1.58254756074503	
535	-1.55912212036353	1.61451821853786	
536	-1.58999582571726	1.64648887633069	
537	-1.62086953107099	1.67845953412352	
538	-1.65174323642473	1.71043019191635	
539	-1.68261694177846	1.74240084970918	
540	-1.71349064713219	1.77437150750201	
541	-1.74436435248593	1.80634216529483	
542	-1.77523805783966	1.83831282308766	
543	-1.80611176319339	1.87028348088049	
544	-1.83698546854713	1.90225413867332	
545	-1.86785917390086	1.93422479646615	
546	-1.89873287925459	1.96619545425898	
547	-1.92960658460833	1.99816611205181	
548	-1.96048028996206	2.03013676984464	
549	-1.99135399531579	2.06210742763747	
550	-2.02222770066953	2.0940780854303	
551	-2.05310140602326	2.12604874322312	
552	-2.08397511137699	2.15801940101595	
553	-0.743144825477394	0.669130606358858	
554	-0.776173484387501	0.698869744419252	
555	-0.809202143297607	0.728608882479645	
556	-0.842230802207714	0.758348020540039	
557	-0.87525946111782	0.788087158600433	
558	-0.908288120027926	0.817826296660827	
559	-0.941316778938033	0.84756543472122	
560	-0.974345437848139	0.877304572781614	
561	-1.00737409675825	0.907043710842008	
562	-1.04040275566835	0.936782848902401	
563	-1.07343141457846	0.966521986962795	
564	-1.10646007348857	0.996261125023189	
565	-1.13948873239867	1.02600026308358	
566	-1.17251739130878	1.05573940114398	
567	-1.20554605021888	1.08547853920437	
568	-1.23857470912899	1.11521767726476	
569	-1.2716033680391	1.14495681532516	
570	-1.3046320269492	1.17469595338555	
571	-1.33766068585931	1.20443509144594	
572	-1.37068934476942	1.23417422950634	
573	-1.40371800367952	1.26391336756673	
574	-1.43674666258963	1.29365250562713	
575	-1.46977532149974	1.32339164368752	
576	-1.50280398040984	1.35313078174791	
577	-1.53583263931995	1.38286991980831	
578	-1.56886129823005	1.4126090578687	
579	-1.60188995714016	1.44234819592909	
580	-1.63491861605027	1.47208733398949	
581	-1.66794727496037	1.50182647204988	
582	-1.70097593387048	1.53156561011027	
583	-1.73400459278059	1.56130474817067	
584	-1.76703325169069	1.59104388623106	
585	-1.8000619106008	1.62078302429146	
586	-1.83309056951091	1.65052216235185	
587	-1.86611922842101	1.68026130041224	
588	-1.89914788733112	1.71000043847264	
589	-1.93217654624123	1.73973957653303	
590	-1.96520520515133	1.76947871459342	
591	-1.99823386406144	1.79921785265382	
592	-2.03126252297154	1.82895699071421	
593	-2.06429118188165	1.85869612877461	
594	-2.09731984079176	1.888435266835	
595	-2.13034849970186	1.91817440489539	
596	-2.16337715861197	1.94791354295579	
597	-2.19640581752208	1.97765268101618	
598	-2.22943447643218	2.00739181907657	
599	-0.788010753606722	0.615661475325658	
600	-0.823033453767021	0.643024207562354	
601	-0.858056153927319	0.67038693979905	
602	-0.893078854087618	0.697749672035746	
603	-0.928101554247917	0.725112404272442	
604	-0.963124254408216	0.752475136509138	
605	-0.998146954568514	0.779837868745834	
606	-1.03316965472881	0.80720060098253	
607	-1.06819235488911	0.834563333219226	
608	-1.10321505504941	0.861926065455922	
609	-1.13823775520971	0.889288797692618	
610	-1.17326045537001	0.916651529929314	
611	-1.20828315553031	0.944014262166009	
612	-1.24330585569061	0.971376994402706	
613	-1.2783285558509	0.998739726639401	
614	-1.3133512560112	1.0261024588761	
615	-1.3483739561715	1.05346519111279	
616	-1.3833966563318	1.08082792334949	
617	-1.4184193564921	1.10819065558619	
618	-1.4534420566524	1.13555338782288	
619	-1.4884647568127	1.16291612005958	
620	-1.523487456973	1.19027885229627	
621	-1.55851015713329	1.21764158453297	
622	-1.59353285729359	1.24500431676966	
623	-1.62855555745389	1.27236704900636	
624	-1.66357825761419	1.29972978124306	
625	-1.69860095777449	1.32709251347975	
626	-1.73362365793479	1.35445524571645	
627	-1.76864635809509	1.38181797795314	
628	-1.80366905825539	1.40918071018984	
629	-1.83869175841568	1.43654344242654	
630	-1.87371445857598	1.46390617466323	
631	-1.90873715873628	1.49126890689993	
632	-1.94375985889658	1.51863163913662	
633	-1.97878255905688	1.54599437137332	
634	-2.01380525921718	1.57335710361002	
635	-2.04882795937748	1.60071983584671	
636	-2.08385065953778	1.62808256808341	
637	-2.11887335969807	1.6554453003201	
638	-2.15389605985837	1.6828080325568	
639	-2.18891876001867	1.7101707647935	
640	-2.22394146017897	1.73753349703019	
641	-2.25896416033927	1.76489622926689	
642	-2.29398686049957	1.79225896150358	
643	-2.32900956065987	1.81962169374028	
644	-2.36403226082017	1.84698442597698	
645	-0.829037572555042	0.559192903470747	
646	-0.865883686890821	0.58404592140278	
647	-0.902729801226601	0.608898939334813	
648	-0.939575915562381	0.633751957266847	
649	-0.97642202989816	0.65860497519888	
650	-1.01326814423394	0.683457993130913	
651	-1.05011425856972	0.708311011062946	
652	-1.0869603729055	0.733164028994979	
653	-1.12380648724128	0.758017046927013	
654	-1.16065260157706	0.782870064859046	
655	-1.19749871591284	0.807723082791079	
656	-1.23434483024862	0.832576100723112	
657	-1.2711909445844	0.857429118655145	
658	-1.30803705892018	0.882282136587179	
659	-1.34488317325596	0.907135154519212	
660	-1.38172928759174	0.931988172451245	
661	-1.41857540192752	0.956841190383278	
662	-1.4554215162633	0.981694208315311	
663	-1.49226763059907	1.00654722624734	
664	-1.52911374493485	1.03140024417938	
665	-1.56595985927063	1.05625326211141	
666	-1.60280597360641	1.08110628004344	
667	-1.63965208794219	1.10595929797548	
668	-1.67649820227797	1.13081231590751	
669	-1.71334431661375	1.15566533383954	
670	-1.75019043094953	1.18051835177158	
671	-1.78703654528531	1.20537136970361	
672	-1.82388265962109	1.23022438763564	
673	-1.86072877395687	1.25507740556768	
674	-1.89757488829265	1.27993042349971	
675	-1.93442100262843	1.30478344143174	
676	-1.97126711696421	1.32963645936378	
677	-2.00811323129999	1.35448947729581	
678	-2.04495934563577	1.37934249522784	
679	-2.08180545997155	1.40419551315988	
680	-2.11865157430733	1.42904853109191	
681	-2.15549768864311	1.45390154902394	
682	-2.19234380297889	1.47875456695598	
683	-2.22918991731467	1.50360758488801	
684	-2.26603603165045	1.52846060282004	
685	-2.30288214598623	1.55331362075207	
686	-2.33972826032201	1.57816663868411	
687	-2.37657437465779	1.60301965661614	
688	-2.41342048899357	1.62787267454817	
689	-2.45026660332935	1.65272569248021	
690	-2.48711271766512	1.67757871041224	
691	-0.866025403784438	0.5	
692	-0.904515421730414	0.522222222222223	
693	-0.943005439676389	0.544444444444445	
694	-0.981495457622364	0.566666666666667	
695	-1.01998547556834	0.588888888888889	
696	-1.05847549351431	0.611111111111112	
697	-1.09696551146029	0.633333333333334	
698	-1.13545552940626	0.655555555555556	
699	-1.17394554735224	0.677777777777778	
700	-1.21243556529821	0.7	
701	-1.25092558324419	0.722222222222223	
702	-1.28941560119016	0.744444444444445	
703	-1.32790561913614	0.766666666666667	
704	-1.36639563708211	0.78888888888889	
705	-1.40488565502809	0.811111111111112	
706	-1.44337567297406	0.833333333333334	
707	-1.48186569092004	0.855555555555556	
708	-1.52035570886601	0.877777777777778	
709	-1.55884572681199	0.900000000000001	
710	-1.59733574475796	0.922222222222223	
711	-1.63582576270394	0.944444444444445	
712	-1.67431578064991	0.966666666666667	
713	-1.71280579859589	0.98888888888889	
714	-1.75129581654186	1.01111111111111	
715	-1.78978583448784	1.03333333333333	
716	-1.82827585243381	1.05555555555556	
717	-1.86676587037979	1.07777777777778	
718	-1.90525588832576	1.1	
719	-1.94374590627174	1.12222222222222	
720	-1.98223592421771	1.14444444444445	
721	-2.02072594216369	1.16666666666667	
722	-2.05921596010966	1.18888888888889	
723	-2.09770597805564	1.21111111111111	
724	-2.13619599600162	1.23333333333333	
725	-2.17468601394759	1.25555555555556	
726	-2.21317603189356	1.27777777777778	
727	-2.25166604983954	1.3	
728	-2.29015606778552	1.32222222222222	
729	-2.32864608573149	1.34444444444445	
730	-2.36713610367747	1.36666666666667	
731	-2.40562612162344	1.38888888888889	
732	-2.44411613956941	1.41111111111111	
733	-2.48260615751539	1.43333333333333	
734	-2.52109617546137	1.45555555555556	
735	-2.55958619340734	1.47777777777778	
736	-2.59807621135332	1.5	
737	-0.898794046299167	0.438371146789078	
738	-0.938740448356908	0.457854308868592	
739	-0.978686850414648	0.477337470948107	
740	-1.01863325247239	0.496820633027621	
741	-1.05857965453013	0.516303795107136	
742	-1.09852605658787	0.535786957186651	
743	-1.13847245864561	0.555270119266165	
744	-1.17841886070335	0.57475328134568	
745	-1.21836526276109	0.594236443425194	
746	-1.25831166481883	0.613719605504709	
747	-1.29825806687657	0.633202767584223	
748	-1.33820446893432	0.652685929663738	
749	-1.37815087099206	0.672169091743252	
750	-1.4180972730498	0.691652253822767	
751	-1.45804367510754	0.711135415902282	
752	-1.49799007716528	0.730618577981796	
753	-1.53793647922302	0.750101740061311	
754	-1.57788288128076	0.769584902140825	
755	-1.6178292833385	0.78906806422034	
756	-1.65777568539624	0.808551226299854	
757	-1.69772208745398	0.828034388379369	
758	-1.73766848951172	0.847517550458884	
759	-1.77761489156946	0.867000712538398	
760	-1.8175612936272	0.886483874617913	
761	-1.85750769568494	0.905967036697427	
762	-1.89745409774269	0.925450198776942	
763	-1.93740049980043	0.944933360856457	
764	-1.97734690185817	0.964416522935971	
765	-2.01729330391591	0.983899685015486	
766	-2.05723970597365	1.003382847095	
767	-2.09718610803139	1.02286600917451	
768	-2.13713251008913	1.04234917125403	
769	-2.17707891214687	1.06183233333354	
770	-2.21702531420461	1.08131549541306	
771	-2.25697171626235	1.10079865749257	
772	-2.29691811832009	1.12028181957209	
773	-2.33686452037783	1.1397649816516	
774	-2.37681092243557	1.15924814373112	
775	-2.41675732449332	1.17873130581063	
776	-2.45670372655106	1.19821446789015	
777	-2.4966501286088	1.21769762996966	
778	-2.53659653066654	1.23718079204917	
779	-2.57654293272428	1.25666395412869	
780	-2.61648933478202	1.2761471162082	
781	-2.65643573683976	1.29563027828772	
782	-2.6963821388975	1.31511344036723	
783	-0.927183854566787	0.374606593415912	
784	-0.968392025880867	0.391255775345508	
785	-1.00960019719495	0.407904957275104	
786	-1.05080836850903	0.424554139204701	
787	-1.0920165398231	0.441203321134297	
788	-1.13322471113718	0.457852503063893	
789	-1.17443288245126	0.474501684993489	
790	-1.21564105376534	0.491150866923085	
791	-1.25684922507942	0.507800048852681	
792	-1.2980573963935	0.524449230782277	
793	-1.33926556770758	0.541098412711873	
794	-1.38047373902166	0.557747594641469	
795	-1.42168191033574	0.574396776571065	
796	-1.46289008164982	0.591045958500662	
797	-1.5040982529639	0.607695140430258	
798	-1.54530642427798	0.624344322359854	
799	-1.58651459559206	0.64099350428945	
800	-1.62772276690614	0.657642686219046	
801	-1.66893093822022	0.674291868148642	
802	-1.7101391095343	0.690941050078238	
803	-1.75134728084838	0.707590232007834	
804	-1.79255545216246	0.72423941393743	
805	-1.83376362347653	0.740888595867026	
806	-1.87497179479061	0.757537777796622	
807	-1.91617996610469	0.774186959726219	
808	-1.95738813741877	0.790836141655815	
809	-1.99859630873285	0.807485323585411	
810	-2.03980448004693	0.824134505515007	
811	-2.08101265136101	0.840783687444603	
812	-2.12222082267509	0.857432869374199	
813	-2.16342899398917	0.874082051303795	
814	-2.20463716530325	0.890731233233391	
815	-2.24584533661733	0.907380415162988	
816	-2.28705350793141	0.924029597092584	
817	-2.32826167924549	0.94067877902218	
818	-2.36946985055957	0.957327960951776	
819	-2.41067802187365	0.973977142881372	
820	-2.45188619318773	0.990626324810968	
821	-2.49309436450181	1.00727550674056	
822	-2.53430253581589	1.02392468867016	
823	-2.57551070712996	1.04057387059976	
824	-2.61671887844404	1.05722305252935	
825	-2.65792704975812	1.07387223445895	
826	-2.6991352210722	1.09052141638854	
827	-2.74034339238628	1.10717059831814	
828	-2.78155156370036	1.12381978024774	
829	-0.951056516295154	0.309016994374948	
830	-0.99332569479716	0.322751083013834	
831	-1.03559487329917	0.336485171652721	
832	-1.07786405180117	0.350219260291607	
833	-1.12013323030318	0.363953348930494	
834	-1.16240240880519	0.37768743756938	
835	-1.20467158730719	0.391421526208267	
836	-1.2469407658092	0.405155614847153	
837	-1.28920994431121	0.41888970348604	
838	-1.33147912281321	0.432623792124926	
839	-1.37374830131522	0.446357880763813	
840	-1.41601747981723	0.4600919694027	
841	-1.45828665831924	0.473826058041586	
842	-1.50055583682124	0.487560146680473	
843	-1.54282501532325	0.501294235319359	
844	-1.58509419382526	0.515028323958246	
845	-1.62736337232726	0.528762412597132	
846	-1.66963255082927	0.542496501236019	
847	-1.71190172933128	0.556230589874905	
848	-1.75417090783328	0.569964678513792	
849	-1.79644008633529	0.583698767152679	
850	-1.8387092648373	0.597432855791565	
851	-1.8809784433393	0.611166944430452	
852	-1.92324762184131	0.624901033069338	
853	-1.96551680034332	0.638635121708225	
854	-2.00778597884532	0.652369210347111	
855	-2.05005515734733	0.666103298985998	
856	-2.09232433584934	0.679837387624885	
857	-2.13459351435134	0.693571476263771	
858	-2.17686269285335	0.707305564902658	
859	-2.21913187135536	0.721039653541544	
860	-2.26140104985737	0.734773742180431	
861	-2.30367022835937	0.748507830819317	
862	-2.34593940686138	0.762241919458204	
863	-2.38820858536339	0.77597600809709	
864	-2.43047776386539	0.789710096735977	
865	-2.4727469423674	0.803444185374864	
866	-2.51501612086941	0.81717827401375	
867	-2.55728529937141	0.830912362652637	
868	-2.59955447787342	0.844646451291523	
869	-2.64182365637543	0.85838053993041	
870	-2.68409283487743	0.872114628569296	
871	-2.72636201337944	0.885848717208183	
872	-2.76863119188145	0.89958280584707	
873	-2.81090037038345	0.913316894485956	
874	-2.85316954888546	0.927050983124843	
875	-0.970295726275996	0.241921895599668	
876	-1.01341998077715	0.252673979848542	
877	-1.05654423527831	0.263426064097416	
878	-1.09966848977946	0.27417814834629	
879	-1.14279274428062	0.284930232595164	
880	-1.18591699878177	0.295682316844038	
881	-1.22904125328293	0.306434401092912	
882	-1.27216550778408	0.317186485341787	
883	-1.31528976228524	0.327938569590661	
884	-1.35841401678639	0.338690653839535	
885	-1.40153827128755	0.349442738088409	
886	-1.44466252578871	0.360194822337283	
887	-1.48778678028986	0.370946906586157	
888	-1.53091103479102	0.381698990835031	
889	-1.57403528929217	0.392451075083905	
890	-1.61715954379333	0.40320315933278	
891	-1.66028379829448	0.413955243581654	
892	-1.70340805279564	0.424707327830528	
893	-1.74653230729679	0.435459412079402	
894	-1.78965656179795	0.446211496328276	
895	-1.8327808162991	0.45696358057715	
896	-1.87590507080026	0.467715664826024	
897	-1.91902932530142	0.478467749074898	
898	-1.96215357980257	0.489219833323773	
899	-2.00527783430373	0.499971917572647	
900	-2.04840208880488	0.510724001821521	
901	-2.09152634330604	0.521476086070395	
902	-2.13465059780719	0.532228170319269	
903	-2.17777485230835	0.542980254568143	
904	-2.2208991068095	0.553732338817017	
905	-2.26402336131066	0.564484423065891	
906	-2.30714761581181	0.575236507314765	
907	-2.35027187031297	0.58598859156364	
908	-2.39339612481412	0.596740675812514	
909	-2.43652037931528	0.607492760061388	
910	-2.47964463381644	0.618244844310262	
911	-2.52276888831759	0.628996928559136	
912	-2.56589314281875	0.63974901280801	
913	-2.6090173973199	0.650501097056884	
914	-2.65214165182106	0.661253181305758	
915	-2.69526590632221	0.672005265554633	
916	-2.73839016082337	0.682757349803507	
917	-2.78151441532452	0.693509434052381	
918	-2.82463866982568	0.704261518301255	
919	-2.86776292432683	0.715013602550129	
920	-2.91088717882799	0.725765686799003	
921	-0.984807753012208	0.17364817766693	
922	-1.02857698647942	0.181365874452127	
923	-1.07234621994663	0.189083571237324	
924	-1.11611545341384	0.196801268022521	
925	-1.15988468688105	0.204518964807718	
926	-1.20365392034825	0.212236661592915	
927	-1.24742315381546	0.219954358378112	
928	-1.29119238728267	0.227672055163309	
929	-1.33496162074988	0.235389751948506	
930	-1.37873085421709	0.243107448733702	
931	-1.4225000876843	0.250825145518899	
932	-1.46626932115151	0.258542842304096	
933	-1.51003855461872	0.266260539089293	
934	-1.55380778808593	0.27397823587449	
935	-1.59757702155314	0.281695932659687	
936	-1.64134625502035	0.289413629444884	
937	-1.68511548848756	0.297131326230081	
938	-1.72888472195477	0.304849023015278	
939	-1.77265395542197	0.312566719800475	
940	-1.81642318888918	0.320284416585671	
941	-1.86019242235639	0.328002113370868	
942	-1.9039616558236	0.335719810156065	
943	-1.94773088929081	0.343437506941262	
944	-1.99150012275802	0.351155203726459	
945	-2.03526935622523	0.358872900511656	
946	-2.07903858969244	0.366590597296853	
947	-2.12280782315965	0.37430829408205	
948	-2.16657705662686	0.382025990867247	
949	-2.21034629009407	0.389743687652443	
950	-2.25411552356128	0.39746138443764	
951	-2.29788475702849	0.405179081222837	
952	-2.34165399049569	0.412896778008034	
953	-2.3854232239629	0.420614474793231	
954	-2.42919245743011	0.428332171578428	
955	-2.47296169089732	0.436049868363625	
956	-2.51673092436453	0.443767565148822	
957	-2.56050015783174	0.451485261934019	
958	-2.60426939129895	0.459202958719216	
959	-2.64803862476616	0.466920655504413	
960	-2.69180785823337	0.474638352289609	
961	-2.73557709170058	0.482356049074806	
962	-2.77934632516779	0.490073745860003	
963	-2.823115558635	0.4977914426452	
964	-2.86688479210221	0.505509139430397	
965	-2.91065402556942	0.513226836215594	
966	-2.95442325903662	0.520944533000791	
967	-0.994521895368273	0.104528463267653	
968	-1.03872286849575	0.109174172746216	
969	-1.08292384162323	0.113819882224778	
970	-1.12712481475071	0.11846559170334	
971	-1.17132578787819	0.123111301181903	
972	-1.21552676100567	0.127757010660465	
973	-1.25972773413315	0.132402720139027	
974	-1.30392870726063	0.13704842961759	
975	-1.3481296803881	0.141694139096152	
976	-1.39233065351558	0.146339848574715	
977	-1.43653162664306	0.150985558053277	
978	-1.48073259977054	0.155631267531839	
979	-1.52493357289802	0.160276977010402	
980	-1.5691345460255	0.164922686488964	
981	-1.61333551915298	0.169568395967526	
982	-1.65753649228046	0.174214105446089	
983	-1.70173746540793	0.178859814924651	
984	-1.74593843853541	0.183505524403214	
985	-1.79013941166289	0.188151233881776	
986	-1.83434038479037	0.192796943360338	
987	-1.87854135791785	0.197442652838901	
988	-1.92274233104533	0.202088362317463	
989	-1.96694330417281	0.206734071796025	
990	-2.01114427730029	0.211379781274588	
991	-2.05534525042776	0.21602549075315	
992	-2.09954622355524	0.220671200231712	
993	-2.14374719668272	0.225316909710275	
994	-2.1879481698102	0.229962619188837	
995	-2.23214914293768	0.2346083286674	
996	-2.27635011606516	0.239254038145962	
997	-2.32055108919264	0.243899747624524	
998	-2.36475206232012	0.248545457103087	
999	-2.4089530354476	0.253191166581649	
1000	-2.45315400857507	0.257836876060211	
1001	-2.49735498170255	0.262482585538774	
1002	-2.54155595483003	0.267128295017336	
1003	-2.58575692795751	0.271774004495899	
1004	-2.62995790108499	0.276419713974461	
1005	-2.67415887421247	0.281065423453023	
1006	-2.71835984733995	0.285711132931586	
1007	-2.76256082046743	0.290356842410148	
1008	-2.8067617935949	0.29500255188871	
1009	-2.85096276672238	0.299648261367273	
1010	-2.89516373984986	0.304293970845835	
1011	-2.93936471297734	0.308939680324398	
1012	-2.98356568610482	0.31358538980296	
1013	-0.999390827019096	0.0348994967025011	
1014	-1.04380819710883	0.0364505854448345	
1015	-1.08822556719857	0.0380016741871679	
1016	-1.13264293728831	0.0395527629295013	
1017	-1.17706030737805	0.0411038516718347	
1018	-1.22147767746778	0.0426549404141681	
1019	-1.26589504755752	0.0442060291565014	
1020	-1.31031241764726	0.0457571178988348	
1021	-1.354729787737	0.0473082066411682	
1022	-1.39914715782673	0.0488592953835016	
1023	-1.44356452791647	0.050410384125835	
1024	-1.48798189800621	0.0519614728681684	
1025	-1.53239926809595	0.0535125616105017	
1026	-1.57681663818568	0.0550636503528351	
1027	-1.62123400827542	0.0566147390951685	
1028	-1.66565137836516	0.0581658278375019	
1029	-1.7100687484549	0.0597169165798353	
1030	-1.75448611854463	0.0612680053221687	
1031	-1.79890348863437	0.0628190940645021	
1032	-1.84332085872411	0.0643701828068354	
1033	-1.88773822881385	0.0659212715491688	
1034	-1.93215559890359	0.0674723602915022	
1035	-1.97657296899332	0.0690234490338356	
1036	-2.02099033908306	0.070574537776169	
1037	-2.0654077091728	0.0721256265185024	
1038	-2.10982507926254	0.0736767152608357	
1039	-2.15424244935227	0.0752278040031691	
1040	-2.19865981944201	0.0767788927455025	
1041	-2.24307718953175	0.0783299814878359	
1042	-2.28749455962149	0.0798810702301693	
1043	-2.33191192971122	0.0814321589725027	
1044	-2.37632929980096	0.082983247714836	
1045	-2.4207466698907	0.0845343364571694	
1046	-2.46516403998044	0.0860854251995028	
1047	-2.50958141007017	0.0876365139418362	
1048	-2.55399878015991	0.0891876026841696	
1049	-2.59841615024965	0.090738691426503	
1050	-2.64283352033939	0.0922897801688364	
1051	-2.68725089042912	0.0938408689111697	
1052	-2.73166826051886	0.0953919576535031	
1053	-2.7760856306086	0.0969430463958365	
1054	-2.82050300069834	0.0984941351381699	
1055	-2.86492037078807	0.100045223880503	
1056	-2.90933774087781	0.101596312622837	
1057	-2.95375511096755	0.10314740136517	
1058	-2.99817248105729	0.104698490107503	
1059	-0.999390827019096	-0.0348994967025009	
1060	-1.04380819710883	-0.0364505854448343	
1061	-1.08822556719857	-0.0380016741871676	
1062	-1.13264293728831	-0.039552762929501	
1063	-1.17706030737805	-0.0411038516718344	
1064	-1.22147767746778	-0.0426549404141678	
1065	-1.26589504755752	-0.0442060291565011	
1066	-1.31031241764726	-0.0457571178988345	
1067	-1.354729787737	-0.0473082066411679	
1068	-1.39914715782673	-0.0488592953835013	
1069	-1.44356452791647	-0.0504103841258346	
1070	-1.48798189800621	-0.051961472868168	
1071	-1.53239926809595	-0.0535125616105014	
1072	-1.57681663818568	-0.0550636503528348	
1073	-1.62123400827542	-0.0566147390951681	
1074	-1.66565137836516	-0.0581658278375015	
1075	-1.7100687484549	-0.0597169165798349	
1076	-1.75448611854463	-0.0612680053221682	
1077	-1.79890348863437	-0.0628190940645016	
1078	-1.84332085872411	-0.064370182806835	
1079	-1.88773822881385	-0.0659212715491684	
1080	-1.93215559890359	-0.0674723602915017	
1081	-1.97657296899332	-0.0690234490338351	
1082	-2.02099033908306	-0.0705745377761685	
1083	-2.0654077091728	-0.0721256265185019	
1084	-2.10982507926254	-0.0736767152608352	
1085	-2.15424244935227	-0.0752278040031686	
1086	-2.19865981944201	-0.076778892745502	
1087	-2.24307718953175	-0.0783299814878353	
1088	-2.28749455962149	-0.0798810702301687	
1089	-2.33191192971122	-0.0814321589725021	
1090	-2.37632929980096	-0.0829832477148355	
1091	-2.4207466698907	-0.0845343364571689	
1092	-2.46516403998044	-0.0860854251995022	
1093	-2.50958141007017	-0.0876365139418356	
1094	-2.55399878015991	-0.089187602684169	
1095	-2.59841615024965	-0.0907386914265023	
1096	-2.64283352033939	-0.0922897801688357	
1097	-2.68725089042912	-0.0938408689111691	
1098	-2.73166826051886	-0.0953919576535025	
1099	-2.7760856306086	-0.0969430463958358	
1100	-2.82050300069834	-0.0984941351381692	
1101	-2.86492037078807	-0.100045223880503	
1102	-2.90933774087781	-0.101596312622836	
1103	-2.95375511096755	-0.103147401365169	
1104	-2.99817248105729	-0.104698490107503	
1105	-0.994521895368273	-0.104528463267653	
1106	-1.03872286849575	-0.109174172746216	
1107	-1.08292384162323	-0.113819882224778	
1108	-1.12712481475071	-0.118465591703341	
1109	-1.17132578787819	-0.123111301181903	
1110	-1.21552676100567	-0.127757010660465	
1111	-1.25972773413315	-0.132402720139028	
1112	-1.30392870726062	-0.13704842961759	
1113	-1.3481296803881	-0.141694139096153	
1114	-1.39233065351558	-0.146339848574715	
1115	-1.43653162664306	-0.150985558053277	
1116	-1.48073259977054	-0.15563126753184	
1117	-1.52493357289802	-0.160276977010402	
1118	-1.5691345460255	-0.164922686488964	
1119	-1.61333551915298	-0.169568395967527	
1120	-1.65753649228046	-0.174214105446089	
1121	-1.70173746540793	-0.178859814924652	
1122	-1.74593843853541	-0.183505524403214	
1123	-1.79013941166289	-0.188151233881776	
1124	-1.83434038479037	-0.192796943360339	
1125	-1.87854135791785	-0.197442652838901	
1126	-1.92274233104533	-0.202088362317463	
1127	-1.96694330417281	-0.206734071796026	
1128	-2.01114427730029	-0.211379781274588	
1129	-2.05534525042776	-0.216025490753151	
1130	-2.09954622355524	-0.220671200231713	
1131	-2.14374719668272	-0.225316909710275	
1132	-2.1879481698102	-0.229962619188838	
1133	-2.23214914293768	-0.2346083286674	
1134	-2.27635011606516	-0.239254038145962	
1135	-2.32055108919264	-0.243899747624525	
1136	-2.36475206232012	-0.248545457103087	
1137	-2.4089530354476	-0.25319116658165	
1138	-2.45315400857507	-0.257836876060212	
1139	-2.49735498170255	-0.262482585538774	
1140	-2.54155595483003	-0.267128295017337	
1141	-2.58575692795751	-0.271774004495899	
1142	-2.62995790108499	-0.276419713974462	
1143	-2.67415887421247	-0.281065423453024	
1144	-2.71835984733995	-0.285711132931586	
1145	-2.76256082046743	-0.290356842410149	
1146	-2.8067617935949	-0.295002551888711	
1147	-2.85096276672238	-0.299648261367273	
1148	-2.89516373984986	-0.304293970845836	
1149	-2.93936471297734	-0.308939680324398	
1150	-2.98356568610482	-0.31358538980296	
1151	-0.984807753012208	-0.17364817766693	
1152	-1.02857698647942	-0.181365874452127	
1153	-1.07234621994663	-0.189083571237324	
1154	-1.11611545341384	-0.196801268022521	
1155	-1.15988468688105	-0.204518964807718	
1156	-1.20365392034825	-0.212236661592914	
1157	-1.24742315381546	-0.219954358378111	
1158	-1.29119238728267	-0.227672055163308	
1159	-1.33496162074988	-0.235389751948505	
1160	-1.37873085421709	-0.243107448733702	
1161	-1.4225000876843	-0.250825145518899	
1162	-1.46626932115151	-0.258542842304096	
1163	-1.51003855461872	-0.266260539089293	
1164	-1.55380778808593	-0.27397823587449	
1165	-1.59757702155314	-0.281695932659687	
1166	-1.64134625502035	-0.289413629444883	
1167	-1.68511548848756	-0.29713132623008	
1168	-1.72888472195477	-0.304849023015277	
1169	-1.77265395542197	-0.312566719800474	
1170	-1.81642318888918	-0.320284416585671	
1171	-1.86019242235639	-0.328002113370868	
1172	-1.9039616558236	-0.335719810156065	
1173	-1.94773088929081	-0.343437506941262	
1174	-1.99150012275802	-0.351155203726458	
1175	-2.03526935622523	-0.358872900511655	
1176	-2.07903858969244	-0.366590597296852	
1177	-2.12280782315965	-0.374308294082049	
1178	-2.16657705662686	-0.382025990867246	
1179	-2.21034629009407	-0.389743687652443	
1180	-2.25411552356128	-0.39746138443764	
1181	-2.29788475702849	-0.405179081222837	
1182	-2.34165399049569	-0.412896778008034	
1183	-2.3854232239629	-0.420614474793231	
1184	-2.42919245743011	-0.428332171578427	
1185	-2.47296169089732	-0.436049868363624	
1186	-2.51673092436453	-0.443767565148821	
1187	-2.56050015783174	-0.451485261934018	
1188	-2.60426939129895	-0.459202958719215	
1189	-2.64803862476616	-0.466920655504412	
1190	-2.69180785823337	-0.474638352289609	
1191	-2.73557709170058	-0.482356049074806	
1192	-2.77934632516779	-0.490073745860002	
1193	-2.823115558635	-0.497791442645199	
1194	-2.86688479210221	-0.505509139430396	
1195	-2.91065402556942	-0.513226836215593	
1196	-2.95442325903662	-0.52094453300079	
1197	-0.970295726275996	-0.241921895599668	
1198	-1.01341998077715	-0.252673979848542	
1199	-1.05654423527831	-0.263426064097416	
1200	-1.09966848977946	-0.27417814834629	
1201	-1.14279274428062	-0.284930232595164	
1202	-1.18591699878177	-0.295682316844038	
1203	-1.22904125328293	-0.306434401092912	
1204	-1.27216550778408	-0.317186485341786	
1205	-1.31528976228524	-0.32793856959066	
1206	-1.35841401678639	-0.338690653839535	
1207	-1.40153827128755	-0.349442738088409	
1208	-1.44466252578871	-0.360194822337283	
1209	-1.48778678028986	-0.370946906586157	
1210	-1.53091103479102	-0.381698990835031	
1211	-1.57403528929217	-0.392451075083905	
1212	-1.61715954379333	-0.403203159332779	
1213	-1.66028379829448	-0.413955243581653	
1214	-1.70340805279564	-0.424707327830527	
1215	-1.74653230729679	-0.435459412079402	
1216	-1.78965656179795	-0.446211496328276	
1217	-1.8327808162991	-0.45696358057715	
1218	-1.87590507080026	-0.467715664826024	
1219	-1.91902932530142	-0.478467749074898	
1220	-1.96215357980257	-0.489219833323772	
1221	-2.00527783430373	-0.499971917572646	
1222	-2.04840208880488	-0.51072400182152	
1223	-2.09152634330604	-0.521476086070395	
1224	-2.13465059780719	-0.532228170319269	
1225	-2.17777485230835	-0.542980254568143	
1226	-2.2208991068095	-0.553732338817017	
1227	-2.26402336131066	-0.564484423065891	
1228	-2.30714761581181	-0.575236507314765	
1229	-2.35027187031297	-0.585988591563639	
1230	-2.39339612481412	-0.596740675812513	
1231	-2.43652037931528	-0.607492760061387	
1232	-2.47964463381644	-0.618244844310261	
1233	-2.52276888831759	-0.628996928559136	
1234	-2.56589314281875	-0.63974901280801	
1235	-2.6090173973199	-0.650501097056884	
1236	-2.65214165182106	-0.661253181305758	
1237	-2.69526590632221	-0.672005265554632	
1238	-2.73839016082337	-0.682757349803506	
1239	-2.78151441532452	-0.69350943405238	
1240	-2.82463866982568	-0.704261518301254	
1241	-2.86776292432683	-0.715013602550128	
1242	-2.91088717882799	-0.725765686799003	
1243	-0.951056516295154	-0.309016994374947	
1244	-0.99332569479716	-0.322751083013834	
1245	-1.03559487329917	-0.33648517165272	
1246	-1.07786405180117	-0.350219260291607	
1247	-1.12013323030318	-0.363953348930493	
1248	-1.16240240880519	-0.37768743756938	
1249	-1.20467158730719	-0.391421526208267	
1250	-1.2469407658092	-0.405155614847153	
1251	-1.28920994431121	-0.41888970348604	
1252	-1.33147912281322	-0.432623792124926	
1253	-1.37374830131522	-0.446357880763813	
1254	-1.41601747981723	-0.460091969402699	
1255	-1.45828665831924	-0.473826058041586	
1256	-1.50055583682124	-0.487560146680472	
1257	-1.54282501532325	-0.501294235319359	
1258	-1.58509419382526	-0.515028323958245	
1259	-1.62736337232726	-0.528762412597132	
1260	-1.66963255082927	-0.542496501236019	
1261	-1.71190172933128	-0.556230589874905	
1262	-1.75417090783328	-0.569964678513792	
1263	-1.79644008633529	-0.583698767152678	
1264	-1.8387092648373	-0.597432855791565	
1265	-1.8809784433393	-0.611166944430451	
1266	-1.92324762184131	-0.624901033069338	
1267	-1.96551680034332	-0.638635121708224	
1268	-2.00778597884532	-0.652369210347111	
1269	-2.05005515734733	-0.666103298985998	
1270	-2.09232433584934	-0.679837387624884	
1271	-2.13459351435134	-0.693571476263771	
1272	-2.17686269285335	-0.707305564902657	
1273	-2.21913187135536	-0.721039653541544	
1274	-2.26140104985737	-0.73477374218043	
1275	-2.30367022835937	-0.748507830819317	
1276	-2.34593940686138	-0.762241919458203	
1277	-2.38820858536339	-0.77597600809709	
1278	-2.43047776386539	-0.789710096735976	
1279	-2.4727469423674	-0.803444185374863	
1280	-2.51501612086941	-0.81717827401375	
1281	-2.55728529937141	-0.830912362652636	
1282	-2.59955447787342	-0.844646451291523	
1283	-2.64182365637543	-0.858380539930409	
1284	-2.68409283487743	-0.872114628569296	
1285	-2.72636201337944	-0.885848717208182	
1286	-2.76863119188145	-0.899582805847069	
1287	-2.81090037038345	-0.913316894485955	
1288	-2.85316954888546	-0.927050983124842	
1289	-0.927183854566787	-0.374606593415912	
1290	-0.968392025880867	-0.391255775345508	
1291	-1.00960019719495	-0.407904957275104	
1292	-1.05080836850903	-0.4245541392047	
1293	-1.09201653982311	-0.441203321134296	
1294	-1.13322471113718	-0.457852503063893	
1295	-1.17443288245126	-0.474501684993489	
1296	-1.21564105376534	-0.491150866923085	
1297	-1.25684922507942	-0.507800048852681	
1298	-1.2980573963935	-0.524449230782277	
1299	-1.33926556770758	-0.541098412711873	
1300	-1.38047373902166	-0.557747594641469	
1301	-1.42168191033574	-0.574396776571065	
1302	-1.46289008164982	-0.591045958500661	
1303	-1.5040982529639	-0.607695140430257	
1304	-1.54530642427798	-0.624344322359853	
1305	-1.58651459559206	-0.640993504289449	
1306	-1.62772276690614	-0.657642686219046	
1307	-1.66893093822022	-0.674291868148642	
1308	-1.7101391095343	-0.690941050078238	
1309	-1.75134728084838	-0.707590232007834	
1310	-1.79255545216246	-0.72423941393743	
1311	-1.83376362347654	-0.740888595867026	
1312	-1.87497179479061	-0.757537777796622	
1313	-1.91617996610469	-0.774186959726218	
1314	-1.95738813741877	-0.790836141655814	
1315	-1.99859630873285	-0.80748532358541	
1316	-2.03980448004693	-0.824134505515006	
1317	-2.08101265136101	-0.840783687444603	
1318	-2.12222082267509	-0.857432869374199	
1319	-2.16342899398917	-0.874082051303795	
1320	-2.20463716530325	-0.890731233233391	
1321	-2.24584533661733	-0.907380415162987	
1322	-2.28705350793141	-0.924029597092583	
1323	-2.32826167924549	-0.940678779022179	
1324	-2.36946985055957	-0.957327960951775	
1325	-2.41067802187365	-0.973977142881371	
1326	-2.45188619318773	-0.990626324810967	
1327	-2.49309436450181	-1.00727550674056	
1328	-2.53430253581589	-1.02392468867016	
1329	-2.57551070712996	-1.04057387059976	
1330	-2.61671887844404	-1.05722305252935	
1331	-2.65792704975812	-1.07387223445895	
1332	-2.6991352210722	-1.09052141638854	
1333	-2.74034339238628	-1.10717059831814	
1334	-2.78155156370036	-1.12381978024774	
1335	-0.898794046299167	-0.438371146789077	
1336	-0.938740448356908	-0.457854308868592	
1337	-0.978686850414648	-0.477337470948107	
1338	-1.01863325247239	-0.496820633027621	
1339	-1.05857965453013	-0.516303795107136	
1340	-1.09852605658787	-0.53578695718665	
1341	-1.13847245864561	-0.555270119266165	
1342	-1.17841886070335	-0.574753281345679	
1343	-1.21836526276109	-0.594236443425194	
1344	-1.25831166481883	-0.613719605504708	
1345	-1.29825806687657	-0.633202767584223	
1346	-1.33820446893432	-0.652685929663738	
1347	-1.37815087099206	-0.672169091743252	
1348	-1.4180972730498	-0.691652253822767	
1349	-1.45804367510754	-0.711135415902281	
1350	-1.49799007716528	-0.730618577981796	
1351	-1.53793647922302	-0.75010174006131	
1352	-1.57788288128076	-0.769584902140825	
1353	-1.6178292833385	-0.789068064220339	
1354	-1.65777568539624	-0.808551226299854	
1355	-1.69772208745398	-0.828034388379368	
1356	-1.73766848951172	-0.847517550458883	
1357	-1.77761489156946	-0.867000712538398	
1358	-1.8175612936272	-0.886483874617912	
1359	-1.85750769568494	-0.905967036697427	
1360	-1.89745409774269	-0.925450198776941	
1361	-1.93740049980043	-0.944933360856456	
1362	-1.97734690185817	-0.96441652293597	
1363	-2.01729330391591	-0.983899685015485	
1364	-2.05723970597365	-1.003382847095	
1365	-2.09718610803139	-1.02286600917451	
1366	-2.13713251008913	-1.04234917125403	
1367	-2.17707891214687	-1.06183233333354	
1368	-2.21702531420461	-1.08131549541306	
1369	-2.25697171626235	-1.10079865749257	
1370	-2.29691811832009	-1.12028181957209	
1371	-2.33686452037783	-1.1397649816516	
1372	-2.37681092243557	-1.15924814373112	
1373	-2.41675732449332	-1.17873130581063	
1374	-2.45670372655106	-1.19821446789015	
1375	-2.4966501286088	-1.21769762996966	
1376	-2.53659653066654	-1.23718079204917	
1377	-2.57654293272428	-1.25666395412869	
1378	-2.61648933478202	-1.2761471162082	
1379	-2.65643573683976	-1.29563027828772	
1380	-2.6963821388975	-1.31511344036723	
1381	-0.866025403784439	-0.5	
1382	-0.904515421730414	-0.522222222222222	
1383	-0.943005439676389	-0.544444444444444	
1384	-0.981495457622364	-0.566666666666666	
1385	-1.01998547556834	-0.588888888888889	
1386	-1.05847549351431	-0.611111111111111	
1387	-1.09696551146029	-0.633333333333333	
1388	-1.13545552940626	-0.655555555555555	
1389	-1.17394554735224	-0.677777777777777	
1390	-1.21243556529821	-0.7	
1391	-1.25092558324419	-0.722222222222222	
1392	-1.28941560119016	-0.744444444444444	
1393	-1.32790561913614	-0.766666666666666	
1394	-1.36639563708211	-0.788888888888889	
1395	-1.40488565502809	-0.811111111111111	
1396	-1.44337567297406	-0.833333333333333	
1397	-1.48186569092004	-0.855555555555555	
1398	-1.52035570886601	-0.877777777777777	
1399	-1.55884572681199	-0.899999999999999	
1400	-1.59733574475797	-0.922222222222222	
1401	-1.63582576270394	-0.944444444444444	
1402	-1.67431578064992	-0.966666666666666	
1403	-1.71280579859589	-0.988888888888888	
1404	-1.75129581654187	-1.01111111111111	
1405	-1.78978583448784	-1.03333333333333	
1406	-1.82827585243382	-1.05555555555555	
1407	-1.86676587037979	-1.07777777777778	
1408	-1.90525588832577	-1.1	
1409	-1.94374590627174	-1.12222222222222	
1410	-1.98223592421772	-1.14444444444444	
1411	-2.02072594216369	-1.16666666666667	
1412	-2.05921596010967	-1.18888888888889	
1413	-2.09770597805564	-1.21111111111111	
1414	-2.13619599600162	-1.23333333333333	
1415	-2.17468601394759	-1.25555555555555	
1416	-2.21317603189357	-1.27777777777778	
1417	-2.25166604983954	-1.3	
1418	-2.29015606778552	-1.32222222222222	
1419	-2.32864608573149	-1.34444444444444	
1420	-2.36713610367747	-1.36666666666667	
1421	-2.40562612162344	-1.38888888888889	
1422	-2.44411613956942	-1.41111111111111	
1423	-2.48260615751539	-1.43333333333333	
1424	-2.52109617546137	-1.45555555555555	
1425	-2.55958619340734	-1.47777777777778	
1426	-2.59807621135332	-1.5	
1427	-0.829037572555042	-0.559192903470747	
1428	-0.865883686890822	-0.58404592140278	
1429	-0.902729801226601	-0.608898939334813	
1430	-0.939575915562381	-0.633751957266846	
1431	-0.97642202989816	-0.658604975198879	
1432	-1.01326814423394	-0.683457993130913	
1433	-1.05011425856972	-0.708311011062946	
1434	-1.0869603729055	-0.733164028994979	
1435	-1.12380648724128	-0.758017046927012	
1436	-1.16065260157706	-0.782870064859045	
1437	-1.19749871591284	-0.807723082791079	
1438	-1.23434483024862	-0.832576100723112	
1439	-1.2711909445844	-0.857429118655145	
1440	-1.30803705892018	-0.882282136587178	
1441	-1.34488317325596	-0.907135154519211	
1442	-1.38172928759174	-0.931988172451245	
1443	-1.41857540192752	-0.956841190383278	
1444	-1.4554215162633	-0.981694208315311	
1445	-1.49226763059908	-1.00654722624734	
1446	-1.52911374493486	-1.03140024417938	
1447	-1.56595985927063	-1.05625326211141	
1448	-1.60280597360641	-1.08110628004344	
1449	-1.63965208794219	-1.10595929797548	
1450	-1.67649820227797	-1.13081231590751	
1451	-1.71334431661375	-1.15566533383954	
1452	-1.75019043094953	-1.18051835177158	
1453	-1.78703654528531	-1.20537136970361	
1454	-1.82388265962109	-1.23022438763564	
1455	-1.86072877395687	-1.25507740556768	
1456	-1.89757488829265	-1.27993042349971	
1457	-1.93442100262843	-1.30478344143174	
1458	-1.97126711696421	-1.32963645936378	
1459	-2.00811323129999	-1.35448947729581	
1460	-2.04495934563577	-1.37934249522784	
1461	-2.08180545997155	-1.40419551315987	
1462	-2.11865157430733	-1.42904853109191	
1463	-2.15549768864311	-1.45390154902394	
1464	-2.19234380297889	-1.47875456695597	
1465	-2.22918991731467	-1.50360758488801	
1466	-2.26603603165045	-1.52846060282004	
1467	-2.30288214598623	-1.55331362075207	
1468	-2.33972826032201	-1.57816663868411	
1469	-2.37657437465779	-1.60301965661614	
1470	-2.41342048899357	-1.62787267454817	
1471	-2.45026660332935	-1.65272569248021	
1472	-2.48711271766513	-1.67757871041224	
1473	-0.788010753606722	-0.615661475325658	
1474	-0.823033453767021	-0.643024207562354	
1475	-0.858056153927319	-0.67038693979905	
1476	-0.893078854087618	-0.697749672035746	
1477	-0.928101554247917	-0.725112404272442	
1478	-0.963124254408216	-0.752475136509138	
1479	-0.998146954568515	-0.779837868745834	
1480	-1.03316965472881	-0.80720060098253	
1481	-1.06819235488911	-0.834563333219226	
1482	-1.10321505504941	-0.861926065455921	
1483	-1.13823775520971	-0.889288797692617	
1484	-1.17326045537001	-0.916651529929313	
1485	-1.20828315553031	-0.944014262166009	
1486	-1.24330585569061	-0.971376994402705	
1487	-1.2783285558509	-0.998739726639401	
1488	-1.3133512560112	-1.0261024588761	
1489	-1.3483739561715	-1.05346519111279	
1490	-1.3833966563318	-1.08082792334949	
1491	-1.4184193564921	-1.10819065558618	
1492	-1.4534420566524	-1.13555338782288	
1493	-1.4884647568127	-1.16291612005958	
1494	-1.523487456973	-1.19027885229627	
1495	-1.55851015713329	-1.21764158453297	
1496	-1.59353285729359	-1.24500431676966	
1497	-1.62855555745389	-1.27236704900636	
1498	-1.66357825761419	-1.29972978124306	
1499	-1.69860095777449	-1.32709251347975	
1500	-1.73362365793479	-1.35445524571645	
1501	-1.76864635809509	-1.38181797795314	
1502	-1.80366905825539	-1.40918071018984	
1503	-1.83869175841568	-1.43654344242654	
1504	-1.87371445857598	-1.46390617466323	
1505	-1.90873715873628	-1.49126890689993	
1506	-1.94375985889658	-1.51863163913662	
1507	-1.97878255905688	-1.54599437137332	
1508	-2.01380525921718	-1.57335710361002	
1509	-2.04882795937748	-1.60071983584671	
1510	-2.08385065953778	-1.62808256808341	
1511	-2.11887335969808	-1.6554453003201	
1512	-2.15389605985837	-1.6828080325568	
1513	-2.18891876001867	-1.71017076479349	
1514	-2.22394146017897	-1.73753349703019	
1515	-2.25896416033927	-1.76489622926689	
1516	-2.29398686049957	-1.79225896150358	
1517	-2.32900956065987	-1.81962169374028	
1518	-2.36403226082017	-1.84698442597697	
1519	-0.743144825477394	-0.669130606358858	
1520	-0.776173484387501	-0.698869744419252	
1521	-0.809202143297607	-0.728608882479646	
1522	-0.842230802207713	-0.758348020540039	
1523	-0.87525946111782	-0.788087158600433	
1524	-0.908288120027926	-0.817826296660827	
1525	-0.941316778938033	-0.84756543472122	
1526	-0.974345437848139	-0.877304572781614	
1527	-1.00737409675825	-0.907043710842008	
1528	-1.04040275566835	-0.936782848902401	
1529	-1.07343141457846	-0.966521986962795	
1530	-1.10646007348856	-0.996261125023189	
1531	-1.13948873239867	-1.02600026308358	
1532	-1.17251739130878	-1.05573940114398	
1533	-1.20554605021888	-1.08547853920437	
1534	-1.23857470912899	-1.11521767726476	
1535	-1.2716033680391	-1.14495681532516	
1536	-1.3046320269492	-1.17469595338555	
1537	-1.33766068585931	-1.20443509144594	
1538	-1.37068934476942	-1.23417422950634	
1539	-1.40371800367952	-1.26391336756673	
1540	-1.43674666258963	-1.29365250562713	
1541	-1.46977532149974	-1.32339164368752	
1542	-1.50280398040984	-1.35313078174791	
1543	-1.53583263931995	-1.38286991980831	
1544	-1.56886129823005	-1.4126090578687	
1545	-1.60188995714016	-1.44234819592909	
1546	-1.63491861605027	-1.47208733398949	
1547	-1.66794727496037	-1.50182647204988	
1548	-1.70097593387048	-1.53156561011028	
1549	-1.73400459278059	-1.56130474817067	
1550	-1.76703325169069	-1.59104388623106	
1551	-1.8000619106008	-1.62078302429146	
1552	-1.83309056951091	-1.65052216235185	
1553	-1.86611922842101	-1.68026130041224	
1554	-1.89914788733112	-1.71000043847264	
1555	-1.93217654624123	-1.73973957653303	
1556	-1.96520520515133	-1.76947871459343	
1557	-1.99823386406144	-1.79921785265382	
1558	-2.03126252297154	-1.82895699071421	
1559	-2.06429118188165	-1.85869612877461	
1560	-2.09731984079176	-1.888435266835	
1561	-2.13034849970186	-1.91817440489539	
1562	-2.16337715861197	-1.94791354295579	
1563	-2.19640581752208	-1.97765268101618	
1564	-2.22943447643218	-2.00739181907657	
1565	-0.694658370458997	-0.719339800338651	
1566	-0.72553207581273	-0.75131045813148	
1567	-0.756405781166464	-0.783281115924309	
1568	-0.787279486520197	-0.815251773717138	
1569	-0.81815319187393	-0.847222431509967	
1570	-0.849026897227663	-0.879193089302796	
1571	-0.879900602581396	-0.911163747095625	
1572	-0.91077430793513	-0.943134404888454	
1573	-0.941648013288863	-0.975105062681283	
1574	-0.972521718642596	-1.00707572047411	
1575	-1.00339542399633	-1.03904637826694	
1576	-1.03426912935006	-1.07101703605977	
1577	-1.0651428347038	-1.1029876938526	
1578	-1.09601654005753	-1.13495835164543	
1579	-1.12689024541126	-1.16692900943826	
1580	-1.157763950765	-1.19889966723109	
1581	-1.18863765611873	-1.23087032502391	
1582	-1.21951136147246	-1.26284098281674	
1583	-1.2503850668262	-1.29481164060957	
1584	-1.28125877217993	-1.3267822984024	
1585	-1.31213247753366	-1.35875295619523	
1586	-1.34300618288739	-1.39072361398806	
1587	-1.37387988824113	-1.42269427178089	
1588	-1.40475359359486	-1.45466492957372	
1589	-1.43562729894859	-1.48663558736655	
1590	-1.46650100430233	-1.51860624515937	
1591	-1.49737470965606	-1.5505769029522	
1592	-1.52824841500979	-1.58254756074503	
1593	-1.55912212036353	-1.61451821853786	
1594	-1.58999582571726	-1.64648887633069	
1595	-1.62086953107099	-1.67845953412352	
1596	-1.65174323642473	-1.71043019191635	
1597	-1.68261694177846	-1.74240084970918	
1598	-1.71349064713219	-1.77437150750201	
1599	-1.74436435248593	-1.80634216529484	
1600	-1.77523805783966	-1.83831282308766	
1601	-1.80611176319339	-1.87028348088049	
1602	-1.83698546854713	-1.90225413867332	
1603	-1.86785917390086	-1.93422479646615	
1604	-1.89873287925459	-1.96619545425898	
1605	-1.92960658460833	-1.99816611205181	
1606	-1.96048028996206	-2.03013676984464	
1607	-1.99135399531579	-2.06210742763747	
1608	-2.02222770066953	-2.0940780854303	
1609	-2.05310140602326	-2.12604874322312	
1610	-2.08397511137699	-2.15801940101595	
1611	-0.642787609686539	-0.766044443118978	
1612	-0.67135594789483	-0.800090862813155	
1613	-0.699924286103121	-0.834137282507331	
1614	-0.728492624311411	-0.868183702201508	
1615	-0.757060962519702	-0.902230121895685	
1616	-0.785629300727993	-0.936276541589862	
1617	-0.814197638936283	-0.970322961284039	
1618	-0.842765977144574	-1.00436938097822	
1619	-0.871334315352865	-1.03841580067239	
1620	-0.899902653561155	-1.07246222036657	
1621	-0.928470991769446	-1.10650864006075	
1622	-0.957039329977737	-1.14055505975492	
1623	-0.985607668186027	-1.1746014794491	
1624	-1.01417600639432	-1.20864789914328	
1625	-1.04274434460261	-1.24269431883745	
1626	-1.0713126828109	-1.27674073853163	
1627	-1.09988102101919	-1.31078715822581	
1628	-1.12844935922748	-1.34483357791998	
1629	-1.15701769743577	-1.37887999761416	
1630	-1.18558603564406	-1.41292641730834	
1631	-1.21415437385235	-1.44697283700251	
1632	-1.24272271206064	-1.48101925669669	
1633	-1.27129105026893	-1.51506567639087	
1634	-1.29985938847722	-1.54911209608504	
1635	-1.32842772668551	-1.58315851577922	
1636	-1.35699606489381	-1.6172049354734	
1637	-1.3855644031021	-1.65125135516757	
1638	-1.41413274131039	-1.68529777486175	
1639	-1.44270107951868	-1.71934419455593	
1640	-1.47126941772697	-1.7533906142501	
1641	-1.49983775593526	-1.78743703394428	
1642	-1.52840609414355	-1.82148345363846	
1643	-1.55697443235184	-1.85552987333264	
1644	-1.58554277056013	-1.88957629302681	
1645	-1.61411110876842	-1.92362271272099	
1646	-1.64267944697671	-1.95766913241517	
1647	-1.671247785185	-1.99171555210934	
1648	-1.69981612339329	-2.02576197180352	
1649	-1.72838446160158	-2.0598083914977	
1650	-1.75695279980987	-2.09385481119187	
1651	-1.78552113801817	-2.12790123088605	
1652	-1.81408947622646	-2.16194765058023	
1653	-1.84265781443475	-2.1959940702744	
1654	-1.87122615264304	-2.23004048996858	
1655	-1.89979449085133	-2.26408690966276	
1656	-1.92836282905962	-2.29813332935693	
1657	-0.587785252292473	-0.809016994374947	
1658	-0.61390904128325	-0.844973305236056	
1659	-0.640032830274026	-0.880929616097165	
1660	-0.666156619264803	-0.916885926958274	
1661	-0.69228040825558	-0.952842237819382	
1662	-0.718404197246356	-0.988798548680491	
1663	-0.744527986237133	-1.0247548595416	
1664	-0.770651775227909	-1.06071117040271	
1665	-0.796775564218686	-1.09666748126382	
1666	-0.822899353209463	-1.13262379212493	
1667	-0.849023142200239	-1.16858010298603	
1668	-0.875146931191016	-1.20453641384714	
1669	-0.901270720181792	-1.24049272470825	
1670	-0.927394509172569	-1.27644903556936	
1671	-0.953518298163346	-1.31240534643047	
1672	-0.979642087154122	-1.34836165729158	
1673	-1.0057658761449	-1.38431796815269	
1674	-1.03188966513568	-1.4202742790138	
1675	-1.05801345412645	-1.45623058987491	
1676	-1.08413724311723	-1.49218690073601	
1677	-1.11026103210801	-1.52814321159712	
1678	-1.13638482109878	-1.56409952245823	
1679	-1.16250861008956	-1.60005583331934	
1680	-1.18863239908033	-1.63601214418045	
1681	-1.21475618807111	-1.67196845504156	
1682	-1.24087997706189	-1.70792476590267	
1683	-1.26700376605266	-1.74388107676378	
1684	-1.29312755504344	-1.77983738762488	
1685	-1.31925134403422	-1.81579369848599	
1686	-1.34537513302499	-1.8517500093471	
1687	-1.37149892201577	-1.88770632020821	
1688	-1.39762271100655	-1.92366263106932	
1689	-1.42374649999732	-1.95961894193043	
1690	-1.4498702889881	-1.99557525279154	
1691	-1.47599407797888	-2.03153156365265	
1692	-1.50211786696965	-2.06748787451375	
1693	-1.52824165596043	-2.10344418537486	
1694	-1.55436544495121	-2.13940049623597	
1695	-1.58048923394198	-2.17535680709708	
1696	-1.60661302293276	-2.21131311795819	
1697	-1.63273681192354	-2.2472694288193	
1698	-1.65886060091431	-2.28322573968041	
1699	-1.68498438990509	-2.31918205054152	
1700	-1.71110817889587	-2.35513836140262	
1701	-1.73723196788664	-2.39109467226373	
1702	-1.76335575687742	-2.42705098312484	
1703	-0.529919264233205	-0.848048096156426	
1704	-0.553471231532459	-0.885739122652267	
1705	-0.577023198831712	-0.923430149148108	
1706	-0.600575166130966	-0.961121175643949	
1707	-0.624127133430219	-0.998812202139791	
1708	-0.647679100729473	-1.03650322863563	
1709	-0.671231068028726	-1.07419425513147	
1710	-0.69478303532798	-1.11188528162731	
1711	-0.718335002627233	-1.14957630812316	
1712	-0.741886969926487	-1.187267334619	
1713	-0.765438937225741	-1.22495836111484	
1714	-0.788990904524994	-1.26264938761068	
1715	-0.812542871824248	-1.30034041410652	
1716	-0.836094839123501	-1.33803144060236	
1717	-0.859646806422755	-1.3757224670982	
1718	-0.883198773722008	-1.41341349359404	
1719	-0.906750741021262	-1.45110452008988	
1720	-0.930302708320515	-1.48879554658573	
1721	-0.953854675619769	-1.52648657308157	
1722	-0.977406642919023	-1.56417759957741	
1723	-1.00095861021828	-1.60186862607325	
1724	-1.02451057751753	-1.63955965256909	
1725	-1.04806254481678	-1.67725067906493	
1726	-1.07161451211604	-1.71494170556077	
1727	-1.09516647941529	-1.75263273205661	
1728	-1.11871844671454	-1.79032375855245	
1729	-1.1422704140138	-1.8280147850483	
1730	-1.16582238131305	-1.86570581154414	
1731	-1.1893743486123	-1.90339683803998	
1732	-1.21292631591156	-1.94108786453582	
1733	-1.23647828321081	-1.97877889103166	
1734	-1.26003025051007	-2.0164699175275	
1735	-1.28358221780932	-2.05416094402334	
1736	-1.30713418510857	-2.09185197051918	
1737	-1.33068615240783	-2.12954299701503	
1738	-1.35423811970708	-2.16723402351087	
1739	-1.37779008700633	-2.20492505000671	
1740	-1.40134205430559	-2.24261607650255	
1741	-1.42489402160484	-2.28030710299839	
1742	-1.44844598890409	-2.31799812949423	
1743	-1.47199795620335	-2.35568915599007	
1744	-1.4955499235026	-2.39338018248591	
1745	-1.51910189080185	-2.43107120898175	
1746	-1.54265385810111	-2.4687622354776	
1747	-1.56620582540036	-2.50645326197344	
1748	-1.58975779269961	-2.54414428846928	
1749	-0.469471562785891	-0.882947592858927	
1750	-0.490336965576375	-0.922189708097102	
1751	-0.511202368366859	-0.961431823335276	
1752	-0.532067771157343	-1.00067393857345	
1753	-0.552933173947827	-1.03991605381163	
1754	-0.573798576738311	-1.0791581690498	
1755	-0.594663979528795	-1.11840028428797	
1756	-0.615529382319279	-1.15764239952615	
1757	-0.636394785109763	-1.19688451476432	
1758	-0.657260187900247	-1.2361266300025	
1759	-0.678125590690731	-1.27536874524067	
1760	-0.698990993481215	-1.31461086047885	
1761	-0.719856396271699	-1.35385297571702	
1762	-0.740721799062183	-1.3930950909552	
1763	-0.761587201852667	-1.43233720619337	
1764	-0.782452604643151	-1.47157932143155	
1765	-0.803318007433635	-1.51082143666972	
1766	-0.824183410224119	-1.55006355190789	
1767	-0.845048813014603	-1.58930566714607	
1768	-0.865914215805087	-1.62854778238424	
1769	-0.886779618595571	-1.66778989762242	
1770	-0.907645021386055	-1.70703201286059	
1771	-0.92851042417654	-1.74627412809877	
1772	-0.949375826967023	-1.78551624333694	
1773	-0.970241229757507	-1.82475835857512	
1774	-0.991106632547992	-1.86400047381329	
1775	-1.01197203533848	-1.90324258905147	
1776	-1.03283743812896	-1.94248470428964	
1777	-1.05370284091944	-1.98172681952781	
1778	-1.07456824370993	-2.02096893476599	
1779	-1.09543364650041	-2.06021105000416	
1780	-1.1162990492909	-2.09945316524234	
1781	-1.13716445208138	-2.13869528048051	
1782	-1.15802985487186	-2.17793739571869	
1783	-1.17889525766235	-2.21717951095686	
1784	-1.19976066045283	-2.25642162619504	
1785	-1.22062606324332	-2.29566374143321	
1786	-1.2414914660338	-2.33490585667138	
1787	-1.26235686882428	-2.37414797190956	
1788	-1.28322227161477	-2.41339008714773	
1789	-1.30408767440525	-2.45263220238591	
1790	-1.32495307719574	-2.49187431762408	
1791	-1.34581847998622	-2.53111643286226	
1792	-1.3666838827767	-2.57035854810043	
1793	-1.38754928556719	-2.60960066333861	
1794	-1.40841468835767	-2.64884277857678	
1795	-0.406736643075801	-0.913545457642601	
1796	-0.424813827212503	-0.954147477982272	
1797	-0.442891011349205	-0.994749498321943	
1798	-0.460968195485908	-1.03535151866161	
1799	-0.47904537962261	-1.07595353900129	
1800	-0.497122563759312	-1.11655555934096	
1801	-0.515199747896014	-1.15715757968063	
1802	-0.533276932032717	-1.1977596000203	
1803	-0.551354116169419	-1.23836162035997	
1804	-0.569431300306121	-1.27896364069964	
1805	-0.587508484442823	-1.31956566103931	
1806	-0.605585668579526	-1.36016768137898	
1807	-0.623662852716228	-1.40076970171865	
1808	-0.64174003685293	-1.44137172205833	
1809	-0.659817220989633	-1.481973742398	
1810	-0.677894405126335	-1.52257576273767	
1811	-0.695971589263037	-1.56317778307734	
1812	-0.714048773399739	-1.60377980341701	
1813	-0.732125957536442	-1.64438182375668	
1814	-0.750203141673144	-1.68498384409635	
1815	-0.768280325809846	-1.72558586443602	
1816	-0.786357509946548	-1.76618788477569	
1817	-0.804434694083251	-1.80678990511537	
1818	-0.822511878219953	-1.84739192545504	
1819	-0.840589062356655	-1.88799394579471	
1820	-0.858666246493357	-1.92859596613438	
1821	-0.87674343063006	-1.96919798647405	
1822	-0.894820614766762	-2.00980000681372	
1823	-0.912897798903464	-2.05040202715339	
1824	-0.930974983040166	-2.09100404749306	
1825	-0.949052167176869	-2.13160606783273	
1826	-0.967129351313571	-2.17220808817241	
1827	-0.985206535450273	-2.21281010851208	
1828	-1.00328371958698	-2.25341212885175	
1829	-1.02136090372368	-2.29401414919142	
1830	-1.03943808786038	-2.33461616953109	
1831	-1.05751527199708	-2.37521818987076	
1832	-1.07559245613378	-2.41582021021043	
1833	-1.09366964027049	-2.4564222305501	
1834	-1.11174682440719	-2.49702425088977	
1835	-1.12982400854389	-2.53762627122945	
1836	-1.14790119268059	-2.57822829156912	
1837	-1.1659783768173	-2.61883031190879	
1838	-1.184055560954	-2.65943233224846	
1839	-1.2021327450907	-2.70003435258813	
1840	-1.2202099292274	-2.7406363729278	
1841	-0.342020143325669	-0.939692620785908	
1842	-0.357221038584587	-0.981456737265282	
1843	-0.372421933843506	-1.02322085374466	
1844	-0.387622829102424	-1.06498497022403	
1845	-0.402823724361343	-1.1067490867034	
1846	-0.418024619620262	-1.14851320318278	
1847	-0.43322551487918	-1.19027731966215	
1848	-0.448426410138099	-1.23204143614152	
1849	-0.463627305397017	-1.2738055526209	
1850	-0.478828200655936	-1.31556966910027	
1851	-0.494029095914855	-1.35733378557965	
1852	-0.509229991173773	-1.39909790205902	
1853	-0.524430886432692	-1.44086201853839	
1854	-0.53963178169161	-1.48262613501777	
1855	-0.554832676950529	-1.52439025149714	
1856	-0.570033572209448	-1.56615436797651	
1857	-0.585234467468366	-1.60791848445589	
1858	-0.600435362727285	-1.64968260093526	
1859	-0.615636257986203	-1.69144671741464	
1860	-0.630837153245122	-1.73321083389401	
1861	-0.646038048504041	-1.77497495037338	
1862	-0.661238943762959	-1.81673906685276	
1863	-0.676439839021878	-1.85850318333213	
1864	-0.691640734280796	-1.9002672998115	
1865	-0.706841629539715	-1.94203141629088	
1866	-0.722042524798634	-1.98379553277025	
1867	-0.737243420057552	-2.02555964924963	
1868	-0.752444315316471	-2.067323765729	
1869	-0.767645210575389	-2.10908788220837	
1870	-0.782846105834308	-2.15085199868775	
1871	-0.798047001093227	-2.19261611516712	
1872	-0.813247896352145	-2.23438023164649	
1873	-0.828448791611064	-2.27614434812587	
1874	-0.843649686869982	-2.31790846460524	
1875	-0.858850582128901	-2.35967258108461	
1876	-0.87405147738782	-2.40143669756399	
1877	-0.889252372646738	-2.44320081404336	
1878	-0.904453267905657	-2.48496493052274	
1879	-0.919654163164575	-2.52672904700211	
1880	-0.934855058423494	-2.56849316348148	
1881	-0.950055953682413	-2.61025727996086	
1882	-0.965256848941331	-2.65202139644023	
1883	-0.98045774420025	-2.6937855129196	
1884	-0.995658639459169	-2.73554962939898	
1885	-1.01085953471809	-2.77731374587835	
1886	-1.02606042997701	-2.81907786235773	
1887	-0.275637355817	-0.961261695938319	
1888	-0.287887904964422	-1.00398443798002	
1889	-0.300138454111844	-1.04670718002172	
1890	-0.312389003259266	-1.08942992206343	
1891	-0.324639552406689	-1.13215266410513	
1892	-0.336890101554111	-1.17487540614683	
1893	-0.349140650701533	-1.21759814818854	
1894	-0.361391199848955	-1.26032089023024	
1895	-0.373641748996377	-1.30304363227194	
1896	-0.3858922981438	-1.34576637431365	
1897	-0.398142847291222	-1.38848911635535	
1898	-0.410393396438644	-1.43121185839705	
1899	-0.422643945586066	-1.47393460043876	
1900	-0.434894494733489	-1.51665734248046	
1901	-0.447145043880911	-1.55938008452216	
1902	-0.459395593028333	-1.60210282656386	
1903	-0.471646142175755	-1.64482556860557	
1904	-0.483896691323177	-1.68754831064727	
1905	-0.496147240470599	-1.73027105268897	
1906	-0.508397789618022	-1.77299379473068	
1907	-0.520648338765444	-1.81571653677238	
1908	-0.532898887912866	-1.85843927881408	
1909	-0.545149437060288	-1.90116202085579	
1910	-0.55739998620771	-1.94388476289749	
1911	-0.569650535355133	-1.98660750493919	
1912	-0.581901084502555	-2.0293302469809	
1913	-0.594151633649977	-2.0720529890226	
1914	-0.606402182797399	-2.1147757310643	
1915	-0.618652731944822	-2.157498473106	
1916	-0.630903281092244	-2.20022121514771	
1917	-0.643153830239666	-2.24294395718941	
1918	-0.655404379387088	-2.28566669923111	
1919	-0.66765492853451	-2.32838944127282	
1920	-0.679905477681933	-2.37111218331452	
1921	-0.692156026829355	-2.41383492535622	
1922	-0.704406575976777	-2.45655766739793	
1923	-0.716657125124199	-2.49928040943963	
1924	-0.728907674271622	-2.54200315148133	
1925	-0.741158223419044	-2.58472589352303	
1926	-0.753408772566466	-2.62744863556474	
1927	-0.765659321713888	-2.67017137760644	
1928	-0.77790987086131	-2.71289411964814	
1929	-0.790160420008733	-2.75561686168985	
1930	-0.802410969156155	-2.79833960373155	
1931	-0.814661518303577	-2.84106234577325	
1932	-0.826912067450999	-2.88378508781496	
1933	-0.207911690817759	-0.978147600733806	
1934	-0.217152210409659	-1.02162082743309	
1935	-0.22639273000156	-1.06509405413237	
1936	-0.23563324959346	-1.10856728083165	
1937	-0.244873769185361	-1.15204050753093	
1938	-0.254114288777261	-1.19551373423021	
1939	-0.263354808369161	-1.23898696092949	
1940	-0.272595327961062	-1.28246018762877	
1941	-0.281835847552962	-1.32593341432805	
1942	-0.291076367144862	-1.36940664102733	
1943	-0.300316886736763	-1.41287986772661	
1944	-0.309557406328663	-1.45635309442589	
1945	-0.318797925920564	-1.49982632112517	
1946	-0.328038445512464	-1.54329954782445	
1947	-0.337278965104365	-1.58677277452373	
1948	-0.346519484696265	-1.63024600122301	
1949	-0.355760004288165	-1.67371922792229	
1950	-0.365000523880066	-1.71719245462157	
1951	-0.374241043471966	-1.76066568132085	
1952	-0.383481563063866	-1.80413890802013	
1953	-0.392722082655767	-1.84761213471941	
1954	-0.401962602247667	-1.89108536141869	
1955	-0.411203121839568	-1.93455858811797	
1956	-0.420443641431468	-1.97803181481725	
1957	-0.429684161023368	-2.02150504151653	
1958	-0.438924680615269	-2.06497826821581	
1959	-0.448165200207169	-2.10845149491509	
1960	-0.45740571979907	-2.15192472161437	
1961	-0.46664623939097	-2.19539794831365	
1962	-0.47588675898287	-2.23887117501293	
1963	-0.485127278574771	-2.28234440171221	
1964	-0.494367798166671	-2.32581762841149	
1965	-0.503608317758572	-2.36929085511077	
1966	-0.512848837350472	-2.41276408181005	
1967	-0.522089356942372	-2.45623730850933	
1968	-0.531329876534273	-2.49971053520861	
1969	-0.540570396126173	-2.54318376190789	
1970	-0.549810915718074	-2.58665698860718	
1971	-0.559051435309974	-2.63013021530646	
1972	-0.568291954901874	-2.67360344200574	
1973	-0.577532474493775	-2.71707666870502	
1974	-0.586772994085675	-2.7605498954043	
1975	-0.596013513677576	-2.80402312210358	
1976	-0.605254033269476	-2.84749634880286	
1977	-0.614494552861376	-2.89096957550214	
1978	-0.623735072453277	-2.93444280220142	
1979	-0.139173100960066	-0.99026806874157	
1980	-0.145358572113847	-1.03427998290786	
1981	-0.151544043267627	-1.07829189707415	
1982	-0.157729514421408	-1.12230381124045	
1983	-0.163914985575189	-1.16631572540674	
1984	-0.170100456728969	-1.21032763957303	
1985	-0.17628592788275	-1.25433955373932	
1986	-0.182471399036531	-1.29835146790561	
1987	-0.188656870190311	-1.34236338207191	
1988	-0.194842341344092	-1.3863752962382	
1989	-0.201027812497873	-1.43038721040449	
1990	-0.207213283651654	-1.47439912457078	
1991	-0.213398754805434	-1.51841103873707	
1992	-0.219584225959215	-1.56242295290337	
1993	-0.225769697112996	-1.60643486706966	
1994	-0.231955168266776	-1.65044678123595	
1995	-0.238140639420557	-1.69445869540224	
1996	-0.244326110574338	-1.73847060956853	
1997	-0.250511581728118	-1.78248252373483	
1998	-0.256697052881899	-1.82649443790112	
1999	-0.26288252403568	-1.87050635206741	
2000	-0.269067995189461	-1.9145182662337	
2001	-0.275253466343241	-1.95853018039999	
2002	-0.281438937497022	-2.00254209456629	
2003	-0.287624408650803	-2.04655400873258	
2004	-0.293809879804583	-2.09056592289887	
2005	-0.299995350958364	-2.13457783706516	
2006	-0.306180822112145	-2.17858975123145	
2007	-0.312366293265926	-2.22260166539775	
2008	-0.318551764419706	-2.26661357956404	
2009	-0.324737235573487	-2.31062549373033	
2010	-0.330922706727268	-2.35463740789662	
2011	-0.337108177881048	-2.39864932206291	
2012	-0.343293649034829	-2.44266123622921	
2013	-0.34947912018861	-2.4866731503955	
2014	-0.35566459134239	-2.53068506456179	
2015	-0.361850062496171	-2.57469697872808	
2016	-0.368035533649952	-2.61870889289438	
2017	-0.374221004803733	-2.66272080706067	
2018	-0.380406475957513	-2.70673272122696	
2019	-0.386591947111294	-2.75074463539325	
2020	-0.392777418265075	-2.79475654955954	
2021	-0.398962889418855	-2.83876846372583	
2022	-0.405148360572636	-2.88278037789213	
2023	-0.411333831726417	-2.92679229205842	
2024	-0.417519302880197	-2.97080420622471	
2025	-0.0697564737441256	-0.997564050259824	
2026	-0.0728567614660867	-1.04190023027137	
2027	-0.0759570491880479	-1.08623641028292	
2028	-0.079057336910009	-1.13057259029447	
2029	-0.0821576246319701	-1.17490877030602	
2030	-0.0852579123539313	-1.21924495031756	
2031	-0.0883582000758924	-1.26358113032911	
2032	-0.0914584877978535	-1.30791731034066	
2033	-0.0945587755198147	-1.35225349035221	
2034	-0.0976590632417758	-1.39658967036375	
2035	-0.100759350963737	-1.4409258503753	
2036	-0.103859638685698	-1.48526203038685	
2037	-0.106959926407659	-1.5295982103984	
2038	-0.11006021412962	-1.57393439040994	
2039	-0.113160501851581	-1.61827057042149	
2040	-0.116260789573543	-1.66260675043304	
2041	-0.119361077295504	-1.70694293044459	
2042	-0.122461365017465	-1.75127911045614	
2043	-0.125561652739426	-1.79561529046768	
2044	-0.128661940461387	-1.83995147047923	
2045	-0.131762228183348	-1.88428765049078	
2046	-0.134862515905309	-1.92862383050233	
2047	-0.137962803627271	-1.97296001051387	
2048	-0.141063091349232	-2.01729619052542	
2049	-0.144163379071193	-2.06163237053697	
2050	-0.147263666793154	-2.10596855054852	
2051	-0.150363954515115	-2.15030473056007	
2052	-0.153464242237076	-2.19464091057161	
2053	-0.156564529959037	-2.23897709058316	
2054	-0.159664817680999	-2.28331327059471	
2055	-0.16276510540296	-2.32764945060626	
2056	-0.165865393124921	-2.3719856306178	
2057	-0.168965680846882	-2.41632181062935	
2058	-0.172065968568843	-2.4606579906409	
2059	-0.175166256290804	-2.50499417065245	
2060	-0.178266544012765	-2.549330350664	
2061	-0.181366831734727	-2.59366653067554	
2062	-0.184467119456688	-2.63800271068709	
2063	-0.187567407178649	-2.68233889069864	
2064	-0.19066769490061	-2.72667507071019	
2065	-0.193767982622571	-2.77101125072173	
2066	-0.196868270344532	-2.81534743073328	
2067	-0.199968558066493	-2.85968361074483	
2068	-0.203068845788454	-2.90401979075638	
2069	-0.206169133510416	-2.94835597076792	
2070	-0.209269421232377	-2.99269215077947	
2071	-1.83697019872103e-16	-1	
2072	-1.91861331866419e-16	-1.04444444444444	
2073	-2.00025643860734e-16	-1.08888888888889	
2074	-2.0818995585505e-16	-1.13333333333333	
2075	-2.16354267849366e-16	-1.17777777777778	
2076	-2.24518579843681e-16	-1.22222222222222	
2077	-2.32682891837997e-16	-1.26666666666667	
2078	-2.40847203832313e-16	-1.31111111111111	
2079	-2.49011515826628e-16	-1.35555555555556	
2080	-2.57175827820944e-16	-1.4	
2081	-2.6534013981526e-16	-1.44444444444444	
2082	-2.73504451809576e-16	-1.48888888888889	
2083	-2.81668763803891e-16	-1.53333333333333	
2084	-2.89833075798207e-16	-1.57777777777778	
2085	-2.97997387792523e-16	-1.62222222222222	
2086	-3.06161699786838e-16	-1.66666666666667	
2087	-3.14326011781154e-16	-1.71111111111111	
2088	-3.2249032377547e-16	-1.75555555555556	
2089	-3.30654635769785e-16	-1.8	
2090	-3.38818947764101e-16	-1.84444444444444	
2091	-3.46983259758417e-16	-1.88888888888889	
2092	-3.55147571752732e-16	-1.93333333333333	
2093	-3.63311883747048e-16	-1.97777777777778	
2094	-3.71476195741364e-16	-2.02222222222222	
2095	-3.79640507735679e-16	-2.06666666666667	
2096	-3.87804819729995e-16	-2.11111111111111	
2097	-3.95969131724311e-16	-2.15555555555556	
2098	-4.04133443718627e-16	-2.2	
2099	-4.12297755712942e-16	-2.24444444444444	
2100	-4.20462067707258e-16	-2.28888888888889	
2101	-4.28626379701574e-16	-2.33333333333333	
2102	-4.36790691695889e-16	-2.37777777777778	
2103	-4.44955003690205e-16	-2.42222222222222	
2104	-4.53119315684521e-16	-2.46666666666667	
2105	-4.61283627678836e-16	-2.51111111111111	
2106	-4.69447939673152e-16	-2.55555555555556	
2107	-4.77612251667468e-16	-2.6	
2108	-4.85776563661783e-16	-2.64444444444444	
2109	-4.93940875656099e-16	-2.68888888888889	
2110	-5.02105187650415e-16	-2.73333333333333	
2111	-5.1026949964473e-16	-2.77777777777778	
2112	-5.18433811639046e-16	-2.82222222222222	
2113	-5.26598123633362e-16	-2.86666666666667	
2114	-5.34762435627678e-16	-2.91111111111111	
2115	-5.42926747621993e-16	-2.95555555555556	
2116	-5.51091059616309e-16	-3	
