1	0	0	
2	0.025	0	
3	0.05	0	
4	0.075	0	
5	0.1	0	
6	0.125	0	
7	0.15	0	
8	0.175	0	
9	0.2	0	
10	0.225	0	
11	0.25	0	
12	0.275	0	
13	0.3	0	
14	0.325	0	
15	0.35	0	
16	0.375	0	
17	0.4	0	
18	0.425	0	
19	0.45	0	
20	0.475	0	
21	0.5	0	
22	0.525	0.00669873	
23	0.55	0.0133975	
24	0.575	0.0200962	
25	0.6	0.0267949	
26	0.625	0.0334936	
27	0.65	0.0401924	
28	0.675	0.0468911	
29	0.7	0.0535898	
30	0.725	0.0602886	
31	0.75	0.0669873	
32	0.775	0.073686	
33	0.8	0.0803848	
34	0.825	0.0870835	
35	0.85	0.0937822	
36	0.875	0.100481	
37	0.9	0.10718	
38	0.925	0.113878	
39	0.95	0.120577	
40	0.975	0.127276	
41	1	0.133975	
42	1.025	0.133975	
43	1.05	0.133975	
44	1.075	0.133975	
45	1.1	0.133975	
46	1.125	0.133975	
47	1.15	0.133975	
48	1.175	0.133975	
49	1.2	0.133975	
50	1.225	0.133975	
51	1.25	0.133975	
52	1.275	0.133975	
53	1.3	0.133975	
54	1.325	0.133975	
55	1.35	0.133975	
56	1.375	0.133975	
57	1.4	0.133975	
58	1.425	0.133975	
59	1.45	0.133975	
60	1.475	0.133975	
61	1.5	0.133975	
62	1.525	0.133975	
63	1.55	0.133975	
64	1.575	0.133975	
65	1.6	0.133975	
66	1.625	0.133975	
67	1.65	0.133975	
68	1.675	0.133975	
69	1.7	0.133975	
70	1.725	0.133975	
71	1.75	0.133975	
72	1.775	0.133975	
73	1.8	0.133975	
74	1.825	0.133975	
75	1.85	0.133975	
76	1.875	0.133975	
77	1.9	0.133975	
78	1.925	0.133975	
79	1.95	0.133975	
80	1.975	0.133975	
81	2	0.133975	
82	2.025	0.133975	
83	2.05	0.133975	
84	2.075	0.133975	
85	2.1	0.133975	
86	2.125	0.133975	
87	2.15	0.133975	
88	2.175	0.133975	
89	2.2	0.133975	
90	2.225	0.133975	
91	2.25	0.133975	
92	2.275	0.133975	
93	2.3	0.133975	
94	2.325	0.133975	
95	2.35	0.133975	
96	2.375	0.133975	
97	2.4	0.133975	
98	2.425	0.133975	
99	2.45	0.133975	
100	2.475	0.133975	
101	2.5	0.133975	
102	2.525	0.133975	
103	2.55	0.133975	
104	2.575	0.133975	
105	2.6	0.133975	
106	2.625	0.133975	
107	2.65	0.133975	
108	2.675	0.133975	
109	2.7	0.133975	
110	2.725	0.133975	
111	2.75	0.133975	
112	2.775	0.133975	
113	2.8	0.133975	
114	2.825	0.133975	
115	2.85	0.133975	
116	2.875	0.133975	
117	2.9	0.133975	
118	2.925	0.133975	
119	2.95	0.133975	
120	2.975	0.133975	
121	3	0.133975	
122	0	0.025	
123	0.025	0.025	
124	0.05	0.025	
125	0.075	0.025	
126	0.1	0.025	
127	0.125	0.025	
128	0.15	0.025	
129	0.175	0.025	
130	0.2	0.025	
131	0.225	0.025	
132	0.25	0.025	
133	0.275	0.025	
134	0.3	0.025	
135	0.325	0.025	
136	0.35	0.025	
137	0.375	0.025	
138	0.4	0.025	
139	0.425	0.025	
140	0.45	0.025	
141	0.475	0.025	
142	0.5	0.025	
143	0.525	0.0315313	
144	0.55	0.0380625	
145	0.575	0.0445938	
146	0.6	0.051125	
147	0.625	0.0576563	
148	0.65	0.0641876	
149	0.675	0.0707188	
150	0.7	0.0772501	
151	0.725	0.0837814	
152	0.75	0.0903126	
153	0.775	0.0968439	
154	0.8	0.103375	
155	0.825	0.109906	
156	0.85	0.116438	
157	0.875	0.122969	
158	0.9	0.1295	
159	0.925	0.136031	
160	0.95	0.142563	
161	0.975	0.149094	
162	1	0.155625	
163	1.025	0.155625	
164	1.05	0.155625	
165	1.075	0.155625	
166	1.1	0.155625	
167	1.125	0.155625	
168	1.15	0.155625	
169	1.175	0.155625	
170	1.2	0.155625	
171	1.225	0.155625	
172	1.25	0.155625	
173	1.275	0.155625	
174	1.3	0.155625	
175	1.325	0.155625	
176	1.35	0.155625	
177	1.375	0.155625	
178	1.4	0.155625	
179	1.425	0.155625	
180	1.45	0.155625	
181	1.475	0.155625	
182	1.5	0.155625	
183	1.525	0.155625	
184	1.55	0.155625	
185	1.575	0.155625	
186	1.6	0.155625	
187	1.625	0.155625	
188	1.65	0.155625	
189	1.675	0.155625	
190	1.7	0.155625	
191	1.725	0.155625	
192	1.75	0.155625	
193	1.775	0.155625	
194	1.8	0.155625	
195	1.825	0.155625	
196	1.85	0.155625	
197	1.875	0.155625	
198	1.9	0.155625	
199	1.925	0.155625	
200	1.95	0.155625	
201	1.975	0.155625	
202	2	0.155625	
203	2.025	0.155625	
204	2.05	0.155625	
205	2.075	0.155625	
206	2.1	0.155625	
207	2.125	0.155625	
208	2.15	0.155625	
209	2.175	0.155625	
210	2.2	0.155625	
211	2.225	0.155625	
212	2.25	0.155625	
213	2.275	0.155625	
214	2.3	0.155625	
215	2.325	0.155625	
216	2.35	0.155625	
217	2.375	0.155625	
218	2.4	0.155625	
219	2.425	0.155625	
220	2.45	0.155625	
221	2.475	0.155625	
222	2.5	0.155625	
223	2.525	0.155625	
224	2.55	0.155625	
225	2.575	0.155625	
226	2.6	0.155625	
227	2.625	0.155625	
228	2.65	0.155625	
229	2.675	0.155625	
230	2.7	0.155625	
231	2.725	0.155625	
232	2.75	0.155625	
233	2.775	0.155625	
234	2.8	0.155625	
235	2.825	0.155625	
236	2.85	0.155625	
237	2.875	0.155625	
238	2.9	0.155625	
239	2.925	0.155625	
240	2.95	0.155625	
241	2.975	0.155625	
242	3	0.155625	
243	0	0.05	
244	0.025	0.05	
245	0.05	0.05	
246	0.075	0.05	
247	0.1	0.05	
248	0.125	0.05	
249	0.15	0.05	
250	0.175	0.05	
251	0.2	0.05	
252	0.225	0.05	
253	0.25	0.05	
254	0.275	0.05	
255	0.3	0.05	
256	0.325	0.05	
257	0.35	0.05	
258	0.375	0.05	
259	0.4	0.05	
260	0.425	0.05	
261	0.45	0.05	
262	0.475	0.05	
263	0.5	0.05	
264	0.525	0.0563638	
265	0.55	0.0627276	
266	0.575	0.0690914	
267	0.6	0.0754552	
268	0.625	0.081819	
269	0.65	0.0881828	
270	0.675	0.0945466	
271	0.7	0.10091	
272	0.725	0.107274	
273	0.75	0.113638	
274	0.775	0.120002	
275	0.8	0.126366	
276	0.825	0.132729	
277	0.85	0.139093	
278	0.875	0.145457	
279	0.9	0.151821	
280	0.925	0.158184	
281	0.95	0.164548	
282	0.975	0.170912	
283	1	0.177276	
284	1.025	0.177276	
285	1.05	0.177276	
286	1.075	0.177276	
287	1.1	0.177276	
288	1.125	0.177276	
289	1.15	0.177276	
290	1.175	0.177276	
291	1.2	0.177276	
292	1.225	0.177276	
293	1.25	0.177276	
294	1.275	0.177276	
295	1.3	0.177276	
296	1.325	0.177276	
297	1.35	0.177276	
298	1.375	0.177276	
299	1.4	0.177276	
300	1.425	0.177276	
301	1.45	0.177276	
302	1.475	0.177276	
303	1.5	0.177276	
304	1.525	0.177276	
305	1.55	0.177276	
306	1.575	0.177276	
307	1.6	0.177276	
308	1.625	0.177276	
309	1.65	0.177276	
310	1.675	0.177276	
311	1.7	0.177276	
312	1.725	0.177276	
313	1.75	0.177276	
314	1.775	0.177276	
315	1.8	0.177276	
316	1.825	0.177276	
317	1.85	0.177276	
318	1.875	0.177276	
319	1.9	0.177276	
320	1.925	0.177276	
321	1.95	0.177276	
322	1.975	0.177276	
323	2	0.177276	
324	2.025	0.177276	
325	2.05	0.177276	
326	2.075	0.177276	
327	2.1	0.177276	
328	2.125	0.177276	
329	2.15	0.177276	
330	2.175	0.177276	
331	2.2	0.177276	
332	2.225	0.177276	
333	2.25	0.177276	
334	2.275	0.177276	
335	2.3	0.177276	
336	2.325	0.177276	
337	2.35	0.177276	
338	2.375	0.177276	
339	2.4	0.177276	
340	2.425	0.177276	
341	2.45	0.177276	
342	2.475	0.177276	
343	2.5	0.177276	
344	2.525	0.177276	
345	2.55	0.177276	
346	2.575	0.177276	
347	2.6	0.177276	
348	2.625	0.177276	
349	2.65	0.177276	
350	2.675	0.177276	
351	2.7	0.177276	
352	2.725	0.177276	
353	2.75	0.177276	
354	2.775	0.177276	
355	2.8	0.177276	
356	2.825	0.177276	
357	2.85	0.177276	
358	2.875	0.177276	
359	2.9	0.177276	
360	2.925	0.177276	
361	2.95	0.177276	
362	2.975	0.177276	
363	3	0.177276	
364	0	0.075	
365	0.025	0.075	
366	0.05	0.075	
367	0.075	0.075	
368	0.1	0.075	
369	0.125	0.075	
370	0.15	0.075	
371	0.175	0.075	
372	0.2	0.075	
373	0.225	0.075	
374	0.25	0.075	
375	0.275	0.075	
376	0.3	0.075	
377	0.325	0.075	
378	0.35	0.075	
379	0.375	0.075	
380	0.4	0.075	
381	0.425	0.075	
382	0.45	0.075	
383	0.475	0.075	
384	0.5	0.075	
385	0.525	0.0811963	
386	0.55	0.0873927	
387	0.575	0.093589	
388	0.6	0.0997853	
389	0.625	0.105982	
390	0.65	0.112178	
391	0.675	0.118374	
392	0.7	0.124571	
393	0.725	0.130767	
394	0.75	0.136963	
395	0.775	0.14316	
396	0.8	0.149356	
397	0.825	0.155552	
398	0.85	0.161749	
399	0.875	0.167945	
400	0.9	0.174141	
401	0.925	0.180338	
402	0.95	0.186534	
403	0.975	0.19273	
404	1	0.198927	
405	1.025	0.198927	
406	1.05	0.198927	
407	1.075	0.198927	
408	1.1	0.198927	
409	1.125	0.198927	
410	1.15	0.198927	
411	1.175	0.198927	
412	1.2	0.198927	
413	1.225	0.198927	
414	1.25	0.198927	
415	1.275	0.198927	
416	1.3	0.198927	
417	1.325	0.198927	
418	1.35	0.198927	
419	1.375	0.198927	
420	1.4	0.198927	
421	1.425	0.198927	
422	1.45	0.198927	
423	1.475	0.198927	
424	1.5	0.198927	
425	1.525	0.198927	
426	1.55	0.198927	
427	1.575	0.198927	
428	1.6	0.198927	
429	1.625	0.198927	
430	1.65	0.198927	
431	1.675	0.198927	
432	1.7	0.198927	
433	1.725	0.198927	
434	1.75	0.198927	
435	1.775	0.198927	
436	1.8	0.198927	
437	1.825	0.198927	
438	1.85	0.198927	
439	1.875	0.198927	
440	1.9	0.198927	
441	1.925	0.198927	
442	1.95	0.198927	
443	1.975	0.198927	
444	2	0.198927	
445	2.025	0.198927	
446	2.05	0.198927	
447	2.075	0.198927	
448	2.1	0.198927	
449	2.125	0.198927	
450	2.15	0.198927	
451	2.175	0.198927	
452	2.2	0.198927	
453	2.225	0.198927	
454	2.25	0.198927	
455	2.275	0.198927	
456	2.3	0.198927	
457	2.325	0.198927	
458	2.35	0.198927	
459	2.375	0.198927	
460	2.4	0.198927	
461	2.425	0.198927	
462	2.45	0.198927	
463	2.475	0.198927	
464	2.5	0.198927	
465	2.525	0.198927	
466	2.55	0.198927	
467	2.575	0.198927	
468	2.6	0.198927	
469	2.625	0.198927	
470	2.65	0.198927	
471	2.675	0.198927	
472	2.7	0.198927	
473	2.725	0.198927	
474	2.75	0.198927	
475	2.775	0.198927	
476	2.8	0.198927	
477	2.825	0.198927	
478	2.85	0.198927	
479	2.875	0.198927	
480	2.9	0.198927	
481	2.925	0.198927	
482	2.95	0.198927	
483	2.975	0.198927	
484	3	0.198927	
485	0	0.1	
486	0.025	0.1	
487	0.05	0.1	
488	0.075	0.1	
489	0.1	0.1	
490	0.125	0.1	
491	0.15	0.1	
492	0.175	0.1	
493	0.2	0.1	
494	0.225	0.1	
495	0.25	0.1	
496	0.275	0.1	
497	0.3	0.1	
498	0.325	0.1	
499	0.35	0.1	
500	0.375	0.1	
501	0.4	0.1	
502	0.425	0.1	
503	0.45	0.1	
504	0.475	0.1	
505	0.5	0.1	
506	0.525	0.106029	
507	0.55	0.112058	
508	0.575	0.118087	
509	0.6	0.124115	
510	0.625	0.130144	
511	0.65	0.136173	
512	0.675	0.142202	
513	0.7	0.148231	
514	0.725	0.15426	
515	0.75	0.160289	
516	0.775	0.166317	
517	0.8	0.172346	
518	0.825	0.178375	
519	0.85	0.184404	
520	0.875	0.190433	
521	0.9	0.196462	
522	0.925	0.202491	
523	0.95	0.208519	
524	0.975	0.214548	
525	1	0.220577	
526	1.025	0.220577	
527	1.05	0.220577	
528	1.075	0.220577	
529	1.1	0.220577	
530	1.125	0.220577	
531	1.15	0.220577	
532	1.175	0.220577	
533	1.2	0.220577	
534	1.225	0.220577	
535	1.25	0.220577	
536	1.275	0.220577	
537	1.3	0.220577	
538	1.325	0.220577	
539	1.35	0.220577	
540	1.375	0.220577	
541	1.4	0.220577	
542	1.425	0.220577	
543	1.45	0.220577	
544	1.475	0.220577	
545	1.5	0.220577	
546	1.525	0.220577	
547	1.55	0.220577	
548	1.575	0.220577	
549	1.6	0.220577	
550	1.625	0.220577	
551	1.65	0.220577	
552	1.675	0.220577	
553	1.7	0.220577	
554	1.725	0.220577	
555	1.75	0.220577	
556	1.775	0.220577	
557	1.8	0.220577	
558	1.825	0.220577	
559	1.85	0.220577	
560	1.875	0.220577	
561	1.9	0.220577	
562	1.925	0.220577	
563	1.95	0.220577	
564	1.975	0.220577	
565	2	0.220577	
566	2.025	0.220577	
567	2.05	0.220577	
568	2.075	0.220577	
569	2.1	0.220577	
570	2.125	0.220577	
571	2.15	0.220577	
572	2.175	0.220577	
573	2.2	0.220577	
574	2.225	0.220577	
575	2.25	0.220577	
576	2.275	0.220577	
577	2.3	0.220577	
578	2.325	0.220577	
579	2.35	0.220577	
580	2.375	0.220577	
581	2.4	0.220577	
582	2.425	0.220577	
583	2.45	0.220577	
584	2.475	0.220577	
585	2.5	0.220577	
586	2.525	0.220577	
587	2.55	0.220577	
588	2.575	0.220577	
589	2.6	0.220577	
590	2.625	0.220577	
591	2.65	0.220577	
592	2.675	0.220577	
593	2.7	0.220577	
594	2.725	0.220577	
595	2.75	0.220577	
596	2.775	0.220577	
597	2.8	0.220577	
598	2.825	0.220577	
599	2.85	0.220577	
600	2.875	0.220577	
601	2.9	0.220577	
602	2.925	0.220577	
603	2.95	0.220577	
604	2.975	0.220577	
605	3	0.220577	
606	0	0.125	
607	0.025	0.125	
608	0.05	0.125	
609	0.075	0.125	
610	0.1	0.125	
611	0.125	0.125	
612	0.15	0.125	
613	0.175	0.125	
614	0.2	0.125	
615	0.225	0.125	
616	0.25	0.125	
617	0.275	0.125	
618	0.3	0.125	
619	0.325	0.125	
620	0.35	0.125	
621	0.375	0.125	
622	0.4	0.125	
623	0.425	0.125	
624	0.45	0.125	
625	0.475	0.125	
626	0.5	0.125	
627	0.525	0.130861	
628	0.55	0.136723	
629	0.575	0.142584	
630	0.6	0.148446	
631	0.625	0.154307	
632	0.65	0.160168	
633	0.675	0.16603	
634	0.7	0.171891	
635	0.725	0.177752	
636	0.75	0.183614	
637	0.775	0.189475	
638	0.8	0.195337	
639	0.825	0.201198	
640	0.85	0.207059	
641	0.875	0.212921	
642	0.9	0.218782	
643	0.925	0.224644	
644	0.95	0.230505	
645	0.975	0.236366	
646	1	0.242228	
647	1.025	0.242228	
648	1.05	0.242228	
649	1.075	0.242228	
650	1.1	0.242228	
651	1.125	0.242228	
652	1.15	0.242228	
653	1.175	0.242228	
654	1.2	0.242228	
655	1.225	0.242228	
656	1.25	0.242228	
657	1.275	0.242228	
658	1.3	0.242228	
659	1.325	0.242228	
660	1.35	0.242228	
661	1.375	0.242228	
662	1.4	0.242228	
663	1.425	0.242228	
664	1.45	0.242228	
665	1.475	0.242228	
666	1.5	0.242228	
667	1.525	0.242228	
668	1.55	0.242228	
669	1.575	0.242228	
670	1.6	0.242228	
671	1.625	0.242228	
672	1.65	0.242228	
673	1.675	0.242228	
674	1.7	0.242228	
675	1.725	0.242228	
676	1.75	0.242228	
677	1.775	0.242228	
678	1.8	0.242228	
679	1.825	0.242228	
680	1.85	0.242228	
681	1.875	0.242228	
682	1.9	0.242228	
683	1.925	0.242228	
684	1.95	0.242228	
685	1.975	0.242228	
686	2	0.242228	
687	2.025	0.242228	
688	2.05	0.242228	
689	2.075	0.242228	
690	2.1	0.242228	
691	2.125	0.242228	
692	2.15	0.242228	
693	2.175	0.242228	
694	2.2	0.242228	
695	2.225	0.242228	
696	2.25	0.242228	
697	2.275	0.242228	
698	2.3	0.242228	
699	2.325	0.242228	
700	2.35	0.242228	
701	2.375	0.242228	
702	2.4	0.242228	
703	2.425	0.242228	
704	2.45	0.242228	
705	2.475	0.242228	
706	2.5	0.242228	
707	2.525	0.242228	
708	2.55	0.242228	
709	2.575	0.242228	
710	2.6	0.242228	
711	2.625	0.242228	
712	2.65	0.242228	
713	2.675	0.242228	
714	2.7	0.242228	
715	2.725	0.242228	
716	2.75	0.242228	
717	2.775	0.242228	
718	2.8	0.242228	
719	2.825	0.242228	
720	2.85	0.242228	
721	2.875	0.242228	
722	2.9	0.242228	
723	2.925	0.242228	
724	2.95	0.242228	
725	2.975	0.242228	
726	3	0.242228	
727	0	0.15	
728	0.025	0.15	
729	0.05	0.15	
730	0.075	0.15	
731	0.1	0.15	
732	0.125	0.15	
733	0.15	0.15	
734	0.175	0.15	
735	0.2	0.15	
736	0.225	0.15	
737	0.25	0.15	
738	0.275	0.15	
739	0.3	0.15	
740	0.325	0.15	
741	0.35	0.15	
742	0.375	0.15	
743	0.4	0.15	
744	0.425	0.15	
745	0.45	0.15	
746	0.475	0.15	
747	0.5	0.15	
748	0.525	0.155694	
749	0.55	0.161388	
750	0.575	0.167082	
751	0.6	0.172776	
752	0.625	0.17847	
753	0.65	0.184164	
754	0.675	0.189857	
755	0.7	0.195551	
756	0.725	0.201245	
757	0.75	0.206939	
758	0.775	0.212633	
759	0.8	0.218327	
760	0.825	0.224021	
761	0.85	0.229715	
762	0.875	0.235409	
763	0.9	0.241103	
764	0.925	0.246797	
765	0.95	0.252491	
766	0.975	0.258184	
767	1	0.263878	
768	1.025	0.263878	
769	1.05	0.263878	
770	1.075	0.263878	
771	1.1	0.263878	
772	1.125	0.263878	
773	1.15	0.263878	
774	1.175	0.263878	
775	1.2	0.263878	
776	1.225	0.263878	
777	1.25	0.263878	
778	1.275	0.263878	
779	1.3	0.263878	
780	1.325	0.263878	
781	1.35	0.263878	
782	1.375	0.263878	
783	1.4	0.263878	
784	1.425	0.263878	
785	1.45	0.263878	
786	1.475	0.263878	
787	1.5	0.263878	
788	1.525	0.263878	
789	1.55	0.263878	
790	1.575	0.263878	
791	1.6	0.263878	
792	1.625	0.263878	
793	1.65	0.263878	
794	1.675	0.263878	
795	1.7	0.263878	
796	1.725	0.263878	
797	1.75	0.263878	
798	1.775	0.263878	
799	1.8	0.263878	
800	1.825	0.263878	
801	1.85	0.263878	
802	1.875	0.263878	
803	1.9	0.263878	
804	1.925	0.263878	
805	1.95	0.263878	
806	1.975	0.263878	
807	2	0.263878	
808	2.025	0.263878	
809	2.05	0.263878	
810	2.075	0.263878	
811	2.1	0.263878	
812	2.125	0.263878	
813	2.15	0.263878	
814	2.175	0.263878	
815	2.2	0.263878	
816	2.225	0.263878	
817	2.25	0.263878	
818	2.275	0.263878	
819	2.3	0.263878	
820	2.325	0.263878	
821	2.35	0.263878	
822	2.375	0.263878	
823	2.4	0.263878	
824	2.425	0.263878	
825	2.45	0.263878	
826	2.475	0.263878	
827	2.5	0.263878	
828	2.525	0.263878	
829	2.55	0.263878	
830	2.575	0.263878	
831	2.6	0.263878	
832	2.625	0.263878	
833	2.65	0.263878	
834	2.675	0.263878	
835	2.7	0.263878	
836	2.725	0.263878	
837	2.75	0.263878	
838	2.775	0.263878	
839	2.8	0.263878	
840	2.825	0.263878	
841	2.85	0.263878	
842	2.875	0.263878	
843	2.9	0.263878	
844	2.925	0.263878	
845	2.95	0.263878	
846	2.975	0.263878	
847	3	0.263878	
848	0	0.175	
849	0.025	0.175	
850	0.05	0.175	
851	0.075	0.175	
852	0.1	0.175	
853	0.125	0.175	
854	0.15	0.175	
855	0.175	0.175	
856	0.2	0.175	
857	0.225	0.175	
858	0.25	0.175	
859	0.275	0.175	
860	0.3	0.175	
861	0.325	0.175	
862	0.35	0.175	
863	0.375	0.175	
864	0.4	0.175	
865	0.425	0.175	
866	0.45	0.175	
867	0.475	0.175	
868	0.5	0.175	
869	0.525	0.180526	
870	0.55	0.186053	
871	0.575	0.191579	
872	0.6	0.197106	
873	0.625	0.202632	
874	0.65	0.208159	
875	0.675	0.213685	
876	0.7	0.219212	
877	0.725	0.224738	
878	0.75	0.230265	
879	0.775	0.235791	
880	0.8	0.241317	
881	0.825	0.246844	
882	0.85	0.25237	
883	0.875	0.257897	
884	0.9	0.263423	
885	0.925	0.26895	
886	0.95	0.274476	
887	0.975	0.280003	
888	1	0.285529	
889	1.025	0.285529	
890	1.05	0.285529	
891	1.075	0.285529	
892	1.1	0.285529	
893	1.125	0.285529	
894	1.15	0.285529	
895	1.175	0.285529	
896	1.2	0.285529	
897	1.225	0.285529	
898	1.25	0.285529	
899	1.275	0.285529	
900	1.3	0.285529	
901	1.325	0.285529	
902	1.35	0.285529	
903	1.375	0.285529	
904	1.4	0.285529	
905	1.425	0.285529	
906	1.45	0.285529	
907	1.475	0.285529	
908	1.5	0.285529	
909	1.525	0.285529	
910	1.55	0.285529	
911	1.575	0.285529	
912	1.6	0.285529	
913	1.625	0.285529	
914	1.65	0.285529	
915	1.675	0.285529	
916	1.7	0.285529	
917	1.725	0.285529	
918	1.75	0.285529	
919	1.775	0.285529	
920	1.8	0.285529	
921	1.825	0.285529	
922	1.85	0.285529	
923	1.875	0.285529	
924	1.9	0.285529	
925	1.925	0.285529	
926	1.95	0.285529	
927	1.975	0.285529	
928	2	0.285529	
929	2.025	0.285529	
930	2.05	0.285529	
931	2.075	0.285529	
932	2.1	0.285529	
933	2.125	0.285529	
934	2.15	0.285529	
935	2.175	0.285529	
936	2.2	0.285529	
937	2.225	0.285529	
938	2.25	0.285529	
939	2.275	0.285529	
940	2.3	0.285529	
941	2.325	0.285529	
942	2.35	0.285529	
943	2.375	0.285529	
944	2.4	0.285529	
945	2.425	0.285529	
946	2.45	0.285529	
947	2.475	0.285529	
948	2.5	0.285529	
949	2.525	0.285529	
950	2.55	0.285529	
951	2.575	0.285529	
952	2.6	0.285529	
953	2.625	0.285529	
954	2.65	0.285529	
955	2.675	0.285529	
956	2.7	0.285529	
957	2.725	0.285529	
958	2.75	0.285529	
959	2.775	0.285529	
960	2.8	0.285529	
961	2.825	0.285529	
962	2.85	0.285529	
963	2.875	0.285529	
964	2.9	0.285529	
965	2.925	0.285529	
966	2.95	0.285529	
967	2.975	0.285529	
968	3	0.285529	
969	0	0.2	
970	0.025	0.2	
971	0.05	0.2	
972	0.075	0.2	
973	0.1	0.2	
974	0.125	0.2	
975	0.15	0.2	
976	0.175	0.2	
977	0.2	0.2	
978	0.225	0.2	
979	0.25	0.2	
980	0.275	0.2	
981	0.3	0.2	
982	0.325	0.2	
983	0.35	0.2	
984	0.375	0.2	
985	0.4	0.2	
986	0.425	0.2	
987	0.45	0.2	
988	0.475	0.2	
989	0.5	0.2	
990	0.525	0.205359	
991	0.55	0.210718	
992	0.575	0.216077	
993	0.6	0.221436	
994	0.625	0.226795	
995	0.65	0.232154	
996	0.675	0.237513	
997	0.7	0.242872	
998	0.725	0.248231	
999	0.75	0.25359	
1000	0.775	0.258949	
1001	0.8	0.264308	
1002	0.825	0.269667	
1003	0.85	0.275026	
1004	0.875	0.280385	
1005	0.9	0.285744	
1006	0.925	0.291103	
1007	0.95	0.296462	
1008	0.975	0.301821	
1009	1	0.30718	
1010	1.025	0.30718	
1011	1.05	0.30718	
1012	1.075	0.30718	
1013	1.1	0.30718	
1014	1.125	0.30718	
1015	1.15	0.30718	
1016	1.175	0.30718	
1017	1.2	0.30718	
1018	1.225	0.30718	
1019	1.25	0.30718	
1020	1.275	0.30718	
1021	1.3	0.30718	
1022	1.325	0.30718	
1023	1.35	0.30718	
1024	1.375	0.30718	
1025	1.4	0.30718	
1026	1.425	0.30718	
1027	1.45	0.30718	
1028	1.475	0.30718	
1029	1.5	0.30718	
1030	1.525	0.30718	
1031	1.55	0.30718	
1032	1.575	0.30718	
1033	1.6	0.30718	
1034	1.625	0.30718	
1035	1.65	0.30718	
1036	1.675	0.30718	
1037	1.7	0.30718	
1038	1.725	0.30718	
1039	1.75	0.30718	
1040	1.775	0.30718	
1041	1.8	0.30718	
1042	1.825	0.30718	
1043	1.85	0.30718	
1044	1.875	0.30718	
1045	1.9	0.30718	
1046	1.925	0.30718	
1047	1.95	0.30718	
1048	1.975	0.30718	
1049	2	0.30718	
1050	2.025	0.30718	
1051	2.05	0.30718	
1052	2.075	0.30718	
1053	2.1	0.30718	
1054	2.125	0.30718	
1055	2.15	0.30718	
1056	2.175	0.30718	
1057	2.2	0.30718	
1058	2.225	0.30718	
1059	2.25	0.30718	
1060	2.275	0.30718	
1061	2.3	0.30718	
1062	2.325	0.30718	
1063	2.35	0.30718	
1064	2.375	0.30718	
1065	2.4	0.30718	
1066	2.425	0.30718	
1067	2.45	0.30718	
1068	2.475	0.30718	
1069	2.5	0.30718	
1070	2.525	0.30718	
1071	2.55	0.30718	
1072	2.575	0.30718	
1073	2.6	0.30718	
1074	2.625	0.30718	
1075	2.65	0.30718	
1076	2.675	0.30718	
1077	2.7	0.30718	
1078	2.725	0.30718	
1079	2.75	0.30718	
1080	2.775	0.30718	
1081	2.8	0.30718	
1082	2.825	0.30718	
1083	2.85	0.30718	
1084	2.875	0.30718	
1085	2.9	0.30718	
1086	2.925	0.30718	
1087	2.95	0.30718	
1088	2.975	0.30718	
1089	3	0.30718	
1090	0	0.225	
1091	0.025	0.225	
1092	0.05	0.225	
1093	0.075	0.225	
1094	0.1	0.225	
1095	0.125	0.225	
1096	0.15	0.225	
1097	0.175	0.225	
1098	0.2	0.225	
1099	0.225	0.225	
1100	0.25	0.225	
1101	0.275	0.225	
1102	0.3	0.225	
1103	0.325	0.225	
1104	0.35	0.225	
1105	0.375	0.225	
1106	0.4	0.225	
1107	0.425	0.225	
1108	0.45	0.225	
1109	0.475	0.225	
1110	0.5	0.225	
1111	0.525	0.230192	
1112	0.55	0.235383	
1113	0.575	0.240575	
1114	0.6	0.245766	
1115	0.625	0.250958	
1116	0.65	0.256149	
1117	0.675	0.261341	
1118	0.7	0.266532	
1119	0.725	0.271724	
1120	0.75	0.276915	
1121	0.775	0.282107	
1122	0.8	0.287298	
1123	0.825	0.29249	
1124	0.85	0.297681	
1125	0.875	0.302873	
1126	0.9	0.308064	
1127	0.925	0.313256	
1128	0.95	0.318447	
1129	0.975	0.323639	
1130	1	0.32883	
1131	1.025	0.32883	
1132	1.05	0.32883	
1133	1.075	0.32883	
1134	1.1	0.32883	
1135	1.125	0.32883	
1136	1.15	0.32883	
1137	1.175	0.32883	
1138	1.2	0.32883	
1139	1.225	0.32883	
1140	1.25	0.32883	
1141	1.275	0.32883	
1142	1.3	0.32883	
1143	1.325	0.32883	
1144	1.35	0.32883	
1145	1.375	0.32883	
1146	1.4	0.32883	
1147	1.425	0.32883	
1148	1.45	0.32883	
1149	1.475	0.32883	
1150	1.5	0.32883	
1151	1.525	0.32883	
1152	1.55	0.32883	
1153	1.575	0.32883	
1154	1.6	0.32883	
1155	1.625	0.32883	
1156	1.65	0.32883	
1157	1.675	0.32883	
1158	1.7	0.32883	
1159	1.725	0.32883	
1160	1.75	0.32883	
1161	1.775	0.32883	
1162	1.8	0.32883	
1163	1.825	0.32883	
1164	1.85	0.32883	
1165	1.875	0.32883	
1166	1.9	0.32883	
1167	1.925	0.32883	
1168	1.95	0.32883	
1169	1.975	0.32883	
1170	2	0.32883	
1171	2.025	0.32883	
1172	2.05	0.32883	
1173	2.075	0.32883	
1174	2.1	0.32883	
1175	2.125	0.32883	
1176	2.15	0.32883	
1177	2.175	0.32883	
1178	2.2	0.32883	
1179	2.225	0.32883	
1180	2.25	0.32883	
1181	2.275	0.32883	
1182	2.3	0.32883	
1183	2.325	0.32883	
1184	2.35	0.32883	
1185	2.375	0.32883	
1186	2.4	0.32883	
1187	2.425	0.32883	
1188	2.45	0.32883	
1189	2.475	0.32883	
1190	2.5	0.32883	
1191	2.525	0.32883	
1192	2.55	0.32883	
1193	2.575	0.32883	
1194	2.6	0.32883	
1195	2.625	0.32883	
1196	2.65	0.32883	
1197	2.675	0.32883	
1198	2.7	0.32883	
1199	2.725	0.32883	
1200	2.75	0.32883	
1201	2.775	0.32883	
1202	2.8	0.32883	
1203	2.825	0.32883	
1204	2.85	0.32883	
1205	2.875	0.32883	
1206	2.9	0.32883	
1207	2.925	0.32883	
1208	2.95	0.32883	
1209	2.975	0.32883	
1210	3	0.32883	
1211	0	0.25	
1212	0.025	0.25	
1213	0.05	0.25	
1214	0.075	0.25	
1215	0.1	0.25	
1216	0.125	0.25	
1217	0.15	0.25	
1218	0.175	0.25	
1219	0.2	0.25	
1220	0.225	0.25	
1221	0.25	0.25	
1222	0.275	0.25	
1223	0.3	0.25	
1224	0.325	0.25	
1225	0.35	0.25	
1226	0.375	0.25	
1227	0.4	0.25	
1228	0.425	0.25	
1229	0.45	0.25	
1230	0.475	0.25	
1231	0.5	0.25	
1232	0.525	0.255024	
1233	0.55	0.260048	
1234	0.575	0.265072	
1235	0.6	0.270096	
1236	0.625	0.27512	
1237	0.65	0.280144	
1238	0.675	0.285168	
1239	0.7	0.290192	
1240	0.725	0.295216	
1241	0.75	0.30024	
1242	0.775	0.305265	
1243	0.8	0.310289	
1244	0.825	0.315313	
1245	0.85	0.320337	
1246	0.875	0.325361	
1247	0.9	0.330385	
1248	0.925	0.335409	
1249	0.95	0.340433	
1250	0.975	0.345457	
1251	1	0.350481	
1252	1.025	0.350481	
1253	1.05	0.350481	
1254	1.075	0.350481	
1255	1.1	0.350481	
1256	1.125	0.350481	
1257	1.15	0.350481	
1258	1.175	0.350481	
1259	1.2	0.350481	
1260	1.225	0.350481	
1261	1.25	0.350481	
1262	1.275	0.350481	
1263	1.3	0.350481	
1264	1.325	0.350481	
1265	1.35	0.350481	
1266	1.375	0.350481	
1267	1.4	0.350481	
1268	1.425	0.350481	
1269	1.45	0.350481	
1270	1.475	0.350481	
1271	1.5	0.350481	
1272	1.525	0.350481	
1273	1.55	0.350481	
1274	1.575	0.350481	
1275	1.6	0.350481	
1276	1.625	0.350481	
1277	1.65	0.350481	
1278	1.675	0.350481	
1279	1.7	0.350481	
1280	1.725	0.350481	
1281	1.75	0.350481	
1282	1.775	0.350481	
1283	1.8	0.350481	
1284	1.825	0.350481	
1285	1.85	0.350481	
1286	1.875	0.350481	
1287	1.9	0.350481	
1288	1.925	0.350481	
1289	1.95	0.350481	
1290	1.975	0.350481	
1291	2	0.350481	
1292	2.025	0.350481	
1293	2.05	0.350481	
1294	2.075	0.350481	
1295	2.1	0.350481	
1296	2.125	0.350481	
1297	2.15	0.350481	
1298	2.175	0.350481	
1299	2.2	0.350481	
1300	2.225	0.350481	
1301	2.25	0.350481	
1302	2.275	0.350481	
1303	2.3	0.350481	
1304	2.325	0.350481	
1305	2.35	0.350481	
1306	2.375	0.350481	
1307	2.4	0.350481	
1308	2.425	0.350481	
1309	2.45	0.350481	
1310	2.475	0.350481	
1311	2.5	0.350481	
1312	2.525	0.350481	
1313	2.55	0.350481	
1314	2.575	0.350481	
1315	2.6	0.350481	
1316	2.625	0.350481	
1317	2.65	0.350481	
1318	2.675	0.350481	
1319	2.7	0.350481	
1320	2.725	0.350481	
1321	2.75	0.350481	
1322	2.775	0.350481	
1323	2.8	0.350481	
1324	2.825	0.350481	
1325	2.85	0.350481	
1326	2.875	0.350481	
1327	2.9	0.350481	
1328	2.925	0.350481	
1329	2.95	0.350481	
1330	2.975	0.350481	
1331	3	0.350481	
1332	0	0.275	
1333	0.025	0.275	
1334	0.05	0.275	
1335	0.075	0.275	
1336	0.1	0.275	
1337	0.125	0.275	
1338	0.15	0.275	
1339	0.175	0.275	
1340	0.2	0.275	
1341	0.225	0.275	
1342	0.25	0.275	
1343	0.275	0.275	
1344	0.3	0.275	
1345	0.325	0.275	
1346	0.35	0.275	
1347	0.375	0.275	
1348	0.4	0.275	
1349	0.425	0.275	
1350	0.45	0.275	
1351	0.475	0.275	
1352	0.5	0.275	
1353	0.525	0.279857	
1354	0.55	0.284713	
1355	0.575	0.28957	
1356	0.6	0.294426	
1357	0.625	0.299283	
1358	0.65	0.304139	
1359	0.675	0.308996	
1360	0.7	0.313853	
1361	0.725	0.318709	
1362	0.75	0.323566	
1363	0.775	0.328422	
1364	0.8	0.333279	
1365	0.825	0.338136	
1366	0.85	0.342992	
1367	0.875	0.347849	
1368	0.9	0.352705	
1369	0.925	0.357562	
1370	0.95	0.362418	
1371	0.975	0.367275	
1372	1	0.372132	
1373	1.025	0.372132	
1374	1.05	0.372132	
1375	1.075	0.372132	
1376	1.1	0.372132	
1377	1.125	0.372132	
1378	1.15	0.372132	
1379	1.175	0.372132	
1380	1.2	0.372132	
1381	1.225	0.372132	
1382	1.25	0.372132	
1383	1.275	0.372132	
1384	1.3	0.372132	
1385	1.325	0.372132	
1386	1.35	0.372132	
1387	1.375	0.372132	
1388	1.4	0.372132	
1389	1.425	0.372132	
1390	1.45	0.372132	
1391	1.475	0.372132	
1392	1.5	0.372132	
1393	1.525	0.372132	
1394	1.55	0.372132	
1395	1.575	0.372132	
1396	1.6	0.372132	
1397	1.625	0.372132	
1398	1.65	0.372132	
1399	1.675	0.372132	
1400	1.7	0.372132	
1401	1.725	0.372132	
1402	1.75	0.372132	
1403	1.775	0.372132	
1404	1.8	0.372132	
1405	1.825	0.372132	
1406	1.85	0.372132	
1407	1.875	0.372132	
1408	1.9	0.372132	
1409	1.925	0.372132	
1410	1.95	0.372132	
1411	1.975	0.372132	
1412	2	0.372132	
1413	2.025	0.372132	
1414	2.05	0.372132	
1415	2.075	0.372132	
1416	2.1	0.372132	
1417	2.125	0.372132	
1418	2.15	0.372132	
1419	2.175	0.372132	
1420	2.2	0.372132	
1421	2.225	0.372132	
1422	2.25	0.372132	
1423	2.275	0.372132	
1424	2.3	0.372132	
1425	2.325	0.372132	
1426	2.35	0.372132	
1427	2.375	0.372132	
1428	2.4	0.372132	
1429	2.425	0.372132	
1430	2.45	0.372132	
1431	2.475	0.372132	
1432	2.5	0.372132	
1433	2.525	0.372132	
1434	2.55	0.372132	
1435	2.575	0.372132	
1436	2.6	0.372132	
1437	2.625	0.372132	
1438	2.65	0.372132	
1439	2.675	0.372132	
1440	2.7	0.372132	
1441	2.725	0.372132	
1442	2.75	0.372132	
1443	2.775	0.372132	
1444	2.8	0.372132	
1445	2.825	0.372132	
1446	2.85	0.372132	
1447	2.875	0.372132	
1448	2.9	0.372132	
1449	2.925	0.372132	
1450	2.95	0.372132	
1451	2.975	0.372132	
1452	3	0.372132	
1453	0	0.3	
1454	0.025	0.3	
1455	0.05	0.3	
1456	0.075	0.3	
1457	0.1	0.3	
1458	0.125	0.3	
1459	0.15	0.3	
1460	0.175	0.3	
1461	0.2	0.3	
1462	0.225	0.3	
1463	0.25	0.3	
1464	0.275	0.3	
1465	0.3	0.3	
1466	0.325	0.3	
1467	0.35	0.3	
1468	0.375	0.3	
1469	0.4	0.3	
1470	0.425	0.3	
1471	0.45	0.3	
1472	0.475	0.3	
1473	0.5	0.3	
1474	0.525	0.304689	
1475	0.55	0.309378	
1476	0.575	0.314067	
1477	0.6	0.318756	
1478	0.625	0.323446	
1479	0.65	0.328135	
1480	0.675	0.332824	
1481	0.7	0.337513	
1482	0.725	0.342202	
1483	0.75	0.346891	
1484	0.775	0.35158	
1485	0.8	0.356269	
1486	0.825	0.360958	
1487	0.85	0.365648	
1488	0.875	0.370337	
1489	0.9	0.375026	
1490	0.925	0.379715	
1491	0.95	0.384404	
1492	0.975	0.389093	
1493	1	0.393782	
1494	1.025	0.393782	
1495	1.05	0.393782	
1496	1.075	0.393782	
1497	1.1	0.393782	
1498	1.125	0.393782	
1499	1.15	0.393782	
1500	1.175	0.393782	
1501	1.2	0.393782	
1502	1.225	0.393782	
1503	1.25	0.393782	
1504	1.275	0.393782	
1505	1.3	0.393782	
1506	1.325	0.393782	
1507	1.35	0.393782	
1508	1.375	0.393782	
1509	1.4	0.393782	
1510	1.425	0.393782	
1511	1.45	0.393782	
1512	1.475	0.393782	
1513	1.5	0.393782	
1514	1.525	0.393782	
1515	1.55	0.393782	
1516	1.575	0.393782	
1517	1.6	0.393782	
1518	1.625	0.393782	
1519	1.65	0.393782	
1520	1.675	0.393782	
1521	1.7	0.393782	
1522	1.725	0.393782	
1523	1.75	0.393782	
1524	1.775	0.393782	
1525	1.8	0.393782	
1526	1.825	0.393782	
1527	1.85	0.393782	
1528	1.875	0.393782	
1529	1.9	0.393782	
1530	1.925	0.393782	
1531	1.95	0.393782	
1532	1.975	0.393782	
1533	2	0.393782	
1534	2.025	0.393782	
1535	2.05	0.393782	
1536	2.075	0.393782	
1537	2.1	0.393782	
1538	2.125	0.393782	
1539	2.15	0.393782	
1540	2.175	0.393782	
1541	2.2	0.393782	
1542	2.225	0.393782	
1543	2.25	0.393782	
1544	2.275	0.393782	
1545	2.3	0.393782	
1546	2.325	0.393782	
1547	2.35	0.393782	
1548	2.375	0.393782	
1549	2.4	0.393782	
1550	2.425	0.393782	
1551	2.45	0.393782	
1552	2.475	0.393782	
1553	2.5	0.393782	
1554	2.525	0.393782	
1555	2.55	0.393782	
1556	2.575	0.393782	
1557	2.6	0.393782	
1558	2.625	0.393782	
1559	2.65	0.393782	
1560	2.675	0.393782	
1561	2.7	0.393782	
1562	2.725	0.393782	
1563	2.75	0.393782	
1564	2.775	0.393782	
1565	2.8	0.393782	
1566	2.825	0.393782	
1567	2.85	0.393782	
1568	2.875	0.393782	
1569	2.9	0.393782	
1570	2.925	0.393782	
1571	2.95	0.393782	
1572	2.975	0.393782	
1573	3	0.393782	
1574	0	0.325	
1575	0.025	0.325	
1576	0.05	0.325	
1577	0.075	0.325	
1578	0.1	0.325	
1579	0.125	0.325	
1580	0.15	0.325	
1581	0.175	0.325	
1582	0.2	0.325	
1583	0.225	0.325	
1584	0.25	0.325	
1585	0.275	0.325	
1586	0.3	0.325	
1587	0.325	0.325	
1588	0.35	0.325	
1589	0.375	0.325	
1590	0.4	0.325	
1591	0.425	0.325	
1592	0.45	0.325	
1593	0.475	0.325	
1594	0.5	0.325	
1595	0.525	0.329522	
1596	0.55	0.334043	
1597	0.575	0.338565	
1598	0.6	0.343087	
1599	0.625	0.347608	
1600	0.65	0.35213	
1601	0.675	0.356651	
1602	0.7	0.361173	
1603	0.725	0.365695	
1604	0.75	0.370216	
1605	0.775	0.374738	
1606	0.8	0.37926	
1607	0.825	0.383781	
1608	0.85	0.388303	
1609	0.875	0.392825	
1610	0.9	0.397346	
1611	0.925	0.401868	
1612	0.95	0.40639	
1613	0.975	0.410911	
1614	1	0.415433	
1615	1.025	0.415433	
1616	1.05	0.415433	
1617	1.075	0.415433	
1618	1.1	0.415433	
1619	1.125	0.415433	
1620	1.15	0.415433	
1621	1.175	0.415433	
1622	1.2	0.415433	
1623	1.225	0.415433	
1624	1.25	0.415433	
1625	1.275	0.415433	
1626	1.3	0.415433	
1627	1.325	0.415433	
1628	1.35	0.415433	
1629	1.375	0.415433	
1630	1.4	0.415433	
1631	1.425	0.415433	
1632	1.45	0.415433	
1633	1.475	0.415433	
1634	1.5	0.415433	
1635	1.525	0.415433	
1636	1.55	0.415433	
1637	1.575	0.415433	
1638	1.6	0.415433	
1639	1.625	0.415433	
1640	1.65	0.415433	
1641	1.675	0.415433	
1642	1.7	0.415433	
1643	1.725	0.415433	
1644	1.75	0.415433	
1645	1.775	0.415433	
1646	1.8	0.415433	
1647	1.825	0.415433	
1648	1.85	0.415433	
1649	1.875	0.415433	
1650	1.9	0.415433	
1651	1.925	0.415433	
1652	1.95	0.415433	
1653	1.975	0.415433	
1654	2	0.415433	
1655	2.025	0.415433	
1656	2.05	0.415433	
1657	2.075	0.415433	
1658	2.1	0.415433	
1659	2.125	0.415433	
1660	2.15	0.415433	
1661	2.175	0.415433	
1662	2.2	0.415433	
1663	2.225	0.415433	
1664	2.25	0.415433	
1665	2.275	0.415433	
1666	2.3	0.415433	
1667	2.325	0.415433	
1668	2.35	0.415433	
1669	2.375	0.415433	
1670	2.4	0.415433	
1671	2.425	0.415433	
1672	2.45	0.415433	
1673	2.475	0.415433	
1674	2.5	0.415433	
1675	2.525	0.415433	
1676	2.55	0.415433	
1677	2.575	0.415433	
1678	2.6	0.415433	
1679	2.625	0.415433	
1680	2.65	0.415433	
1681	2.675	0.415433	
1682	2.7	0.415433	
1683	2.725	0.415433	
1684	2.75	0.415433	
1685	2.775	0.415433	
1686	2.8	0.415433	
1687	2.825	0.415433	
1688	2.85	0.415433	
1689	2.875	0.415433	
1690	2.9	0.415433	
1691	2.925	0.415433	
1692	2.95	0.415433	
1693	2.975	0.415433	
1694	3	0.415433	
1695	0	0.35	
1696	0.025	0.35	
1697	0.05	0.35	
1698	0.075	0.35	
1699	0.1	0.35	
1700	0.125	0.35	
1701	0.15	0.35	
1702	0.175	0.35	
1703	0.2	0.35	
1704	0.225	0.35	
1705	0.25	0.35	
1706	0.275	0.35	
1707	0.3	0.35	
1708	0.325	0.35	
1709	0.35	0.35	
1710	0.375	0.35	
1711	0.4	0.35	
1712	0.425	0.35	
1713	0.45	0.35	
1714	0.475	0.35	
1715	0.5	0.35	
1716	0.525	0.354354	
1717	0.55	0.358708	
1718	0.575	0.363063	
1719	0.6	0.367417	
1720	0.625	0.371771	
1721	0.65	0.376125	
1722	0.675	0.380479	
1723	0.7	0.384833	
1724	0.725	0.389188	
1725	0.75	0.393542	
1726	0.775	0.397896	
1727	0.8	0.40225	
1728	0.825	0.406604	
1729	0.85	0.410958	
1730	0.875	0.415313	
1731	0.9	0.419667	
1732	0.925	0.424021	
1733	0.95	0.428375	
1734	0.975	0.432729	
1735	1	0.437083	
1736	1.025	0.437083	
1737	1.05	0.437083	
1738	1.075	0.437083	
1739	1.1	0.437083	
1740	1.125	0.437083	
1741	1.15	0.437083	
1742	1.175	0.437083	
1743	1.2	0.437083	
1744	1.225	0.437083	
1745	1.25	0.437083	
1746	1.275	0.437083	
1747	1.3	0.437083	
1748	1.325	0.437083	
1749	1.35	0.437083	
1750	1.375	0.437083	
1751	1.4	0.437083	
1752	1.425	0.437083	
1753	1.45	0.437083	
1754	1.475	0.437083	
1755	1.5	0.437083	
1756	1.525	0.437083	
1757	1.55	0.437083	
1758	1.575	0.437083	
1759	1.6	0.437083	
1760	1.625	0.437083	
1761	1.65	0.437083	
1762	1.675	0.437083	
1763	1.7	0.437083	
1764	1.725	0.437083	
1765	1.75	0.437083	
1766	1.775	0.437083	
1767	1.8	0.437083	
1768	1.825	0.437083	
1769	1.85	0.437083	
1770	1.875	0.437083	
1771	1.9	0.437083	
1772	1.925	0.437083	
1773	1.95	0.437083	
1774	1.975	0.437083	
1775	2	0.437083	
1776	2.025	0.437083	
1777	2.05	0.437083	
1778	2.075	0.437083	
1779	2.1	0.437083	
1780	2.125	0.437083	
1781	2.15	0.437083	
1782	2.175	0.437083	
1783	2.2	0.437083	
1784	2.225	0.437083	
1785	2.25	0.437083	
1786	2.275	0.437083	
1787	2.3	0.437083	
1788	2.325	0.437083	
1789	2.35	0.437083	
1790	2.375	0.437083	
1791	2.4	0.437083	
1792	2.425	0.437083	
1793	2.45	0.437083	
1794	2.475	0.437083	
1795	2.5	0.437083	
1796	2.525	0.437083	
1797	2.55	0.437083	
1798	2.575	0.437083	
1799	2.6	0.437083	
1800	2.625	0.437083	
1801	2.65	0.437083	
1802	2.675	0.437083	
1803	2.7	0.437083	
1804	2.725	0.437083	
1805	2.75	0.437083	
1806	2.775	0.437083	
1807	2.8	0.437083	
1808	2.825	0.437083	
1809	2.85	0.437083	
1810	2.875	0.437083	
1811	2.9	0.437083	
1812	2.925	0.437083	
1813	2.95	0.437083	
1814	2.975	0.437083	
1815	3	0.437083	
1816	0	0.375	
1817	0.025	0.375	
1818	0.05	0.375	
1819	0.075	0.375	
1820	0.1	0.375	
1821	0.125	0.375	
1822	0.15	0.375	
1823	0.175	0.375	
1824	0.2	0.375	
1825	0.225	0.375	
1826	0.25	0.375	
1827	0.275	0.375	
1828	0.3	0.375	
1829	0.325	0.375	
1830	0.35	0.375	
1831	0.375	0.375	
1832	0.4	0.375	
1833	0.425	0.375	
1834	0.45	0.375	
1835	0.475	0.375	
1836	0.5	0.375	
1837	0.525	0.379187	
1838	0.55	0.383373	
1839	0.575	0.38756	
1840	0.6	0.391747	
1841	0.625	0.395934	
1842	0.65	0.40012	
1843	0.675	0.404307	
1844	0.7	0.408494	
1845	0.725	0.41268	
1846	0.75	0.416867	
1847	0.775	0.421054	
1848	0.8	0.42524	
1849	0.825	0.429427	
1850	0.85	0.433614	
1851	0.875	0.437801	
1852	0.9	0.441987	
1853	0.925	0.446174	
1854	0.95	0.450361	
1855	0.975	0.454547	
1856	1	0.458734	
1857	1.025	0.458734	
1858	1.05	0.458734	
1859	1.075	0.458734	
1860	1.1	0.458734	
1861	1.125	0.458734	
1862	1.15	0.458734	
1863	1.175	0.458734	
1864	1.2	0.458734	
1865	1.225	0.458734	
1866	1.25	0.458734	
1867	1.275	0.458734	
1868	1.3	0.458734	
1869	1.325	0.458734	
1870	1.35	0.458734	
1871	1.375	0.458734	
1872	1.4	0.458734	
1873	1.425	0.458734	
1874	1.45	0.458734	
1875	1.475	0.458734	
1876	1.5	0.458734	
1877	1.525	0.458734	
1878	1.55	0.458734	
1879	1.575	0.458734	
1880	1.6	0.458734	
1881	1.625	0.458734	
1882	1.65	0.458734	
1883	1.675	0.458734	
1884	1.7	0.458734	
1885	1.725	0.458734	
1886	1.75	0.458734	
1887	1.775	0.458734	
1888	1.8	0.458734	
1889	1.825	0.458734	
1890	1.85	0.458734	
1891	1.875	0.458734	
1892	1.9	0.458734	
1893	1.925	0.458734	
1894	1.95	0.458734	
1895	1.975	0.458734	
1896	2	0.458734	
1897	2.025	0.458734	
1898	2.05	0.458734	
1899	2.075	0.458734	
1900	2.1	0.458734	
1901	2.125	0.458734	
1902	2.15	0.458734	
1903	2.175	0.458734	
1904	2.2	0.458734	
1905	2.225	0.458734	
1906	2.25	0.458734	
1907	2.275	0.458734	
1908	2.3	0.458734	
1909	2.325	0.458734	
1910	2.35	0.458734	
1911	2.375	0.458734	
1912	2.4	0.458734	
1913	2.425	0.458734	
1914	2.45	0.458734	
1915	2.475	0.458734	
1916	2.5	0.458734	
1917	2.525	0.458734	
1918	2.55	0.458734	
1919	2.575	0.458734	
1920	2.6	0.458734	
1921	2.625	0.458734	
1922	2.65	0.458734	
1923	2.675	0.458734	
1924	2.7	0.458734	
1925	2.725	0.458734	
1926	2.75	0.458734	
1927	2.775	0.458734	
1928	2.8	0.458734	
1929	2.825	0.458734	
1930	2.85	0.458734	
1931	2.875	0.458734	
1932	2.9	0.458734	
1933	2.925	0.458734	
1934	2.95	0.458734	
1935	2.975	0.458734	
1936	3	0.458734	
1937	0	0.4	
1938	0.025	0.4	
1939	0.05	0.4	
1940	0.075	0.4	
1941	0.1	0.4	
1942	0.125	0.4	
1943	0.15	0.4	
1944	0.175	0.4	
1945	0.2	0.4	
1946	0.225	0.4	
1947	0.25	0.4	
1948	0.275	0.4	
1949	0.3	0.4	
1950	0.325	0.4	
1951	0.35	0.4	
1952	0.375	0.4	
1953	0.4	0.4	
1954	0.425	0.4	
1955	0.45	0.4	
1956	0.475	0.4	
1957	0.5	0.4	
1958	0.525	0.404019	
1959	0.55	0.408038	
1960	0.575	0.412058	
1961	0.6	0.416077	
1962	0.625	0.420096	
1963	0.65	0.424115	
1964	0.675	0.428135	
1965	0.7	0.432154	
1966	0.725	0.436173	
1967	0.75	0.440192	
1968	0.775	0.444212	
1969	0.8	0.448231	
1970	0.825	0.45225	
1971	0.85	0.456269	
1972	0.875	0.460289	
1973	0.9	0.464308	
1974	0.925	0.468327	
1975	0.95	0.472346	
1976	0.975	0.476366	
1977	1	0.480385	
1978	1.025	0.480385	
1979	1.05	0.480385	
1980	1.075	0.480385	
1981	1.1	0.480385	
1982	1.125	0.480385	
1983	1.15	0.480385	
1984	1.175	0.480385	
1985	1.2	0.480385	
1986	1.225	0.480385	
1987	1.25	0.480385	
1988	1.275	0.480385	
1989	1.3	0.480385	
1990	1.325	0.480385	
1991	1.35	0.480385	
1992	1.375	0.480385	
1993	1.4	0.480385	
1994	1.425	0.480385	
1995	1.45	0.480385	
1996	1.475	0.480385	
1997	1.5	0.480385	
1998	1.525	0.480385	
1999	1.55	0.480385	
2000	1.575	0.480385	
2001	1.6	0.480385	
2002	1.625	0.480385	
2003	1.65	0.480385	
2004	1.675	0.480385	
2005	1.7	0.480385	
2006	1.725	0.480385	
2007	1.75	0.480385	
2008	1.775	0.480385	
2009	1.8	0.480385	
2010	1.825	0.480385	
2011	1.85	0.480385	
2012	1.875	0.480385	
2013	1.9	0.480385	
2014	1.925	0.480385	
2015	1.95	0.480385	
2016	1.975	0.480385	
2017	2	0.480385	
2018	2.025	0.480385	
2019	2.05	0.480385	
2020	2.075	0.480385	
2021	2.1	0.480385	
2022	2.125	0.480385	
2023	2.15	0.480385	
2024	2.175	0.480385	
2025	2.2	0.480385	
2026	2.225	0.480385	
2027	2.25	0.480385	
2028	2.275	0.480385	
2029	2.3	0.480385	
2030	2.325	0.480385	
2031	2.35	0.480385	
2032	2.375	0.480385	
2033	2.4	0.480385	
2034	2.425	0.480385	
2035	2.45	0.480385	
2036	2.475	0.480385	
2037	2.5	0.480385	
2038	2.525	0.480385	
2039	2.55	0.480385	
2040	2.575	0.480385	
2041	2.6	0.480385	
2042	2.625	0.480385	
2043	2.65	0.480385	
2044	2.675	0.480385	
2045	2.7	0.480385	
2046	2.725	0.480385	
2047	2.75	0.480385	
2048	2.775	0.480385	
2049	2.8	0.480385	
2050	2.825	0.480385	
2051	2.85	0.480385	
2052	2.875	0.480385	
2053	2.9	0.480385	
2054	2.925	0.480385	
2055	2.95	0.480385	
2056	2.975	0.480385	
2057	3	0.480385	
2058	0	0.425	
2059	0.025	0.425	
2060	0.05	0.425	
2061	0.075	0.425	
2062	0.1	0.425	
2063	0.125	0.425	
2064	0.15	0.425	
2065	0.175	0.425	
2066	0.2	0.425	
2067	0.225	0.425	
2068	0.25	0.425	
2069	0.275	0.425	
2070	0.3	0.425	
2071	0.325	0.425	
2072	0.35	0.425	
2073	0.375	0.425	
2074	0.4	0.425	
2075	0.425	0.425	
2076	0.45	0.425	
2077	0.475	0.425	
2078	0.5	0.425	
2079	0.525	0.428852	
2080	0.55	0.432704	
2081	0.575	0.436555	
2082	0.6	0.440407	
2083	0.625	0.444259	
2084	0.65	0.448111	
2085	0.675	0.451962	
2086	0.7	0.455814	
2087	0.725	0.459666	
2088	0.75	0.463518	
2089	0.775	0.467369	
2090	0.8	0.471221	
2091	0.825	0.475073	
2092	0.85	0.478925	
2093	0.875	0.482777	
2094	0.9	0.486628	
2095	0.925	0.49048	
2096	0.95	0.494332	
2097	0.975	0.498184	
2098	1	0.502035	
2099	1.025	0.502035	
2100	1.05	0.502035	
2101	1.075	0.502035	
2102	1.1	0.502035	
2103	1.125	0.502035	
2104	1.15	0.502035	
2105	1.175	0.502035	
2106	1.2	0.502035	
2107	1.225	0.502035	
2108	1.25	0.502035	
2109	1.275	0.502035	
2110	1.3	0.502035	
2111	1.325	0.502035	
2112	1.35	0.502035	
2113	1.375	0.502035	
2114	1.4	0.502035	
2115	1.425	0.502035	
2116	1.45	0.502035	
2117	1.475	0.502035	
2118	1.5	0.502035	
2119	1.525	0.502035	
2120	1.55	0.502035	
2121	1.575	0.502035	
2122	1.6	0.502035	
2123	1.625	0.502035	
2124	1.65	0.502035	
2125	1.675	0.502035	
2126	1.7	0.502035	
2127	1.725	0.502035	
2128	1.75	0.502035	
2129	1.775	0.502035	
2130	1.8	0.502035	
2131	1.825	0.502035	
2132	1.85	0.502035	
2133	1.875	0.502035	
2134	1.9	0.502035	
2135	1.925	0.502035	
2136	1.95	0.502035	
2137	1.975	0.502035	
2138	2	0.502035	
2139	2.025	0.502035	
2140	2.05	0.502035	
2141	2.075	0.502035	
2142	2.1	0.502035	
2143	2.125	0.502035	
2144	2.15	0.502035	
2145	2.175	0.502035	
2146	2.2	0.502035	
2147	2.225	0.502035	
2148	2.25	0.502035	
2149	2.275	0.502035	
2150	2.3	0.502035	
2151	2.325	0.502035	
2152	2.35	0.502035	
2153	2.375	0.502035	
2154	2.4	0.502035	
2155	2.425	0.502035	
2156	2.45	0.502035	
2157	2.475	0.502035	
2158	2.5	0.502035	
2159	2.525	0.502035	
2160	2.55	0.502035	
2161	2.575	0.502035	
2162	2.6	0.502035	
2163	2.625	0.502035	
2164	2.65	0.502035	
2165	2.675	0.502035	
2166	2.7	0.502035	
2167	2.725	0.502035	
2168	2.75	0.502035	
2169	2.775	0.502035	
2170	2.8	0.502035	
2171	2.825	0.502035	
2172	2.85	0.502035	
2173	2.875	0.502035	
2174	2.9	0.502035	
2175	2.925	0.502035	
2176	2.95	0.502035	
2177	2.975	0.502035	
2178	3	0.502035	
2179	0	0.45	
2180	0.025	0.45	
2181	0.05	0.45	
2182	0.075	0.45	
2183	0.1	0.45	
2184	0.125	0.45	
2185	0.15	0.45	
2186	0.175	0.45	
2187	0.2	0.45	
2188	0.225	0.45	
2189	0.25	0.45	
2190	0.275	0.45	
2191	0.3	0.45	
2192	0.325	0.45	
2193	0.35	0.45	
2194	0.375	0.45	
2195	0.4	0.45	
2196	0.425	0.45	
2197	0.45	0.45	
2198	0.475	0.45	
2199	0.5	0.45	
2200	0.525	0.453684	
2201	0.55	0.457369	
2202	0.575	0.461053	
2203	0.6	0.464737	
2204	0.625	0.468422	
2205	0.65	0.472106	
2206	0.675	0.47579	
2207	0.7	0.479474	
2208	0.725	0.483159	
2209	0.75	0.486843	
2210	0.775	0.490527	
2211	0.8	0.494212	
2212	0.825	0.497896	
2213	0.85	0.50158	
2214	0.875	0.505265	
2215	0.9	0.508949	
2216	0.925	0.512633	
2217	0.95	0.516317	
2218	0.975	0.520002	
2219	1	0.523686	
2220	1.025	0.523686	
2221	1.05	0.523686	
2222	1.075	0.523686	
2223	1.1	0.523686	
2224	1.125	0.523686	
2225	1.15	0.523686	
2226	1.175	0.523686	
2227	1.2	0.523686	
2228	1.225	0.523686	
2229	1.25	0.523686	
2230	1.275	0.523686	
2231	1.3	0.523686	
2232	1.325	0.523686	
2233	1.35	0.523686	
2234	1.375	0.523686	
2235	1.4	0.523686	
2236	1.425	0.523686	
2237	1.45	0.523686	
2238	1.475	0.523686	
2239	1.5	0.523686	
2240	1.525	0.523686	
2241	1.55	0.523686	
2242	1.575	0.523686	
2243	1.6	0.523686	
2244	1.625	0.523686	
2245	1.65	0.523686	
2246	1.675	0.523686	
2247	1.7	0.523686	
2248	1.725	0.523686	
2249	1.75	0.523686	
2250	1.775	0.523686	
2251	1.8	0.523686	
2252	1.825	0.523686	
2253	1.85	0.523686	
2254	1.875	0.523686	
2255	1.9	0.523686	
2256	1.925	0.523686	
2257	1.95	0.523686	
2258	1.975	0.523686	
2259	2	0.523686	
2260	2.025	0.523686	
2261	2.05	0.523686	
2262	2.075	0.523686	
2263	2.1	0.523686	
2264	2.125	0.523686	
2265	2.15	0.523686	
2266	2.175	0.523686	
2267	2.2	0.523686	
2268	2.225	0.523686	
2269	2.25	0.523686	
2270	2.275	0.523686	
2271	2.3	0.523686	
2272	2.325	0.523686	
2273	2.35	0.523686	
2274	2.375	0.523686	
2275	2.4	0.523686	
2276	2.425	0.523686	
2277	2.45	0.523686	
2278	2.475	0.523686	
2279	2.5	0.523686	
2280	2.525	0.523686	
2281	2.55	0.523686	
2282	2.575	0.523686	
2283	2.6	0.523686	
2284	2.625	0.523686	
2285	2.65	0.523686	
2286	2.675	0.523686	
2287	2.7	0.523686	
2288	2.725	0.523686	
2289	2.75	0.523686	
2290	2.775	0.523686	
2291	2.8	0.523686	
2292	2.825	0.523686	
2293	2.85	0.523686	
2294	2.875	0.523686	
2295	2.9	0.523686	
2296	2.925	0.523686	
2297	2.95	0.523686	
2298	2.975	0.523686	
2299	3	0.523686	
2300	0	0.475	
2301	0.025	0.475	
2302	0.05	0.475	
2303	0.075	0.475	
2304	0.1	0.475	
2305	0.125	0.475	
2306	0.15	0.475	
2307	0.175	0.475	
2308	0.2	0.475	
2309	0.225	0.475	
2310	0.25	0.475	
2311	0.275	0.475	
2312	0.3	0.475	
2313	0.325	0.475	
2314	0.35	0.475	
2315	0.375	0.475	
2316	0.4	0.475	
2317	0.425	0.475	
2318	0.45	0.475	
2319	0.475	0.475	
2320	0.5	0.475	
2321	0.525	0.478517	
2322	0.55	0.482034	
2323	0.575	0.48555	
2324	0.6	0.489067	
2325	0.625	0.492584	
2326	0.65	0.496101	
2327	0.675	0.499618	
2328	0.7	0.503135	
2329	0.725	0.506651	
2330	0.75	0.510168	
2331	0.775	0.513685	
2332	0.8	0.517202	
2333	0.825	0.520719	
2334	0.85	0.524236	
2335	0.875	0.527752	
2336	0.9	0.531269	
2337	0.925	0.534786	
2338	0.95	0.538303	
2339	0.975	0.54182	
2340	1	0.545337	
2341	1.025	0.545337	
2342	1.05	0.545337	
2343	1.075	0.545337	
2344	1.1	0.545337	
2345	1.125	0.545337	
2346	1.15	0.545337	
2347	1.175	0.545337	
2348	1.2	0.545337	
2349	1.225	0.545337	
2350	1.25	0.545337	
2351	1.275	0.545337	
2352	1.3	0.545337	
2353	1.325	0.545337	
2354	1.35	0.545337	
2355	1.375	0.545337	
2356	1.4	0.545337	
2357	1.425	0.545337	
2358	1.45	0.545337	
2359	1.475	0.545337	
2360	1.5	0.545337	
2361	1.525	0.545337	
2362	1.55	0.545337	
2363	1.575	0.545337	
2364	1.6	0.545337	
2365	1.625	0.545337	
2366	1.65	0.545337	
2367	1.675	0.545337	
2368	1.7	0.545337	
2369	1.725	0.545337	
2370	1.75	0.545337	
2371	1.775	0.545337	
2372	1.8	0.545337	
2373	1.825	0.545337	
2374	1.85	0.545337	
2375	1.875	0.545337	
2376	1.9	0.545337	
2377	1.925	0.545337	
2378	1.95	0.545337	
2379	1.975	0.545337	
2380	2	0.545337	
2381	2.025	0.545337	
2382	2.05	0.545337	
2383	2.075	0.545337	
2384	2.1	0.545337	
2385	2.125	0.545337	
2386	2.15	0.545337	
2387	2.175	0.545337	
2388	2.2	0.545337	
2389	2.225	0.545337	
2390	2.25	0.545337	
2391	2.275	0.545337	
2392	2.3	0.545337	
2393	2.325	0.545337	
2394	2.35	0.545337	
2395	2.375	0.545337	
2396	2.4	0.545337	
2397	2.425	0.545337	
2398	2.45	0.545337	
2399	2.475	0.545337	
2400	2.5	0.545337	
2401	2.525	0.545337	
2402	2.55	0.545337	
2403	2.575	0.545337	
2404	2.6	0.545337	
2405	2.625	0.545337	
2406	2.65	0.545337	
2407	2.675	0.545337	
2408	2.7	0.545337	
2409	2.725	0.545337	
2410	2.75	0.545337	
2411	2.775	0.545337	
2412	2.8	0.545337	
2413	2.825	0.545337	
2414	2.85	0.545337	
2415	2.875	0.545337	
2416	2.9	0.545337	
2417	2.925	0.545337	
2418	2.95	0.545337	
2419	2.975	0.545337	
2420	3	0.545337	
2421	0	0.5	
2422	0.025	0.5	
2423	0.05	0.5	
2424	0.075	0.5	
2425	0.1	0.5	
2426	0.125	0.5	
2427	0.15	0.5	
2428	0.175	0.5	
2429	0.2	0.5	
2430	0.225	0.5	
2431	0.25	0.5	
2432	0.275	0.5	
2433	0.3	0.5	
2434	0.325	0.5	
2435	0.35	0.5	
2436	0.375	0.5	
2437	0.4	0.5	
2438	0.425	0.5	
2439	0.45	0.5	
2440	0.475	0.5	
2441	0.5	0.5	
2442	0.525	0.503349	
2443	0.55	0.506699	
2444	0.575	0.510048	
2445	0.6	0.513397	
2446	0.625	0.516747	
2447	0.65	0.520096	
2448	0.675	0.523446	
2449	0.7	0.526795	
2450	0.725	0.530144	
2451	0.75	0.533494	
2452	0.775	0.536843	
2453	0.8	0.540192	
2454	0.825	0.543542	
2455	0.85	0.546891	
2456	0.875	0.55024	
2457	0.9	0.55359	
2458	0.925	0.556939	
2459	0.95	0.560289	
2460	0.975	0.563638	
2461	1	0.566987	
2462	1.025	0.566987	
2463	1.05	0.566987	
2464	1.075	0.566987	
2465	1.1	0.566987	
2466	1.125	0.566987	
2467	1.15	0.566987	
2468	1.175	0.566987	
2469	1.2	0.566987	
2470	1.225	0.566987	
2471	1.25	0.566987	
2472	1.275	0.566987	
2473	1.3	0.566987	
2474	1.325	0.566987	
2475	1.35	0.566987	
2476	1.375	0.566987	
2477	1.4	0.566987	
2478	1.425	0.566987	
2479	1.45	0.566987	
2480	1.475	0.566987	
2481	1.5	0.566987	
2482	1.525	0.566987	
2483	1.55	0.566987	
2484	1.575	0.566987	
2485	1.6	0.566987	
2486	1.625	0.566987	
2487	1.65	0.566987	
2488	1.675	0.566987	
2489	1.7	0.566987	
2490	1.725	0.566987	
2491	1.75	0.566987	
2492	1.775	0.566987	
2493	1.8	0.566987	
2494	1.825	0.566987	
2495	1.85	0.566987	
2496	1.875	0.566987	
2497	1.9	0.566987	
2498	1.925	0.566987	
2499	1.95	0.566987	
2500	1.975	0.566987	
2501	2	0.566987	
2502	2.025	0.566987	
2503	2.05	0.566987	
2504	2.075	0.566987	
2505	2.1	0.566987	
2506	2.125	0.566987	
2507	2.15	0.566987	
2508	2.175	0.566987	
2509	2.2	0.566987	
2510	2.225	0.566987	
2511	2.25	0.566987	
2512	2.275	0.566987	
2513	2.3	0.566987	
2514	2.325	0.566987	
2515	2.35	0.566987	
2516	2.375	0.566987	
2517	2.4	0.566987	
2518	2.425	0.566987	
2519	2.45	0.566987	
2520	2.475	0.566987	
2521	2.5	0.566987	
2522	2.525	0.566987	
2523	2.55	0.566987	
2524	2.575	0.566987	
2525	2.6	0.566987	
2526	2.625	0.566987	
2527	2.65	0.566987	
2528	2.675	0.566987	
2529	2.7	0.566987	
2530	2.725	0.566987	
2531	2.75	0.566987	
2532	2.775	0.566987	
2533	2.8	0.566987	
2534	2.825	0.566987	
2535	2.85	0.566987	
2536	2.875	0.566987	
2537	2.9	0.566987	
2538	2.925	0.566987	
2539	2.95	0.566987	
2540	2.975	0.566987	
2541	3	0.566987	
2542	0	0.525	
2543	0.025	0.525	
2544	0.05	0.525	
2545	0.075	0.525	
2546	0.1	0.525	
2547	0.125	0.525	
2548	0.15	0.525	
2549	0.175	0.525	
2550	0.2	0.525	
2551	0.225	0.525	
2552	0.25	0.525	
2553	0.275	0.525	
2554	0.3	0.525	
2555	0.325	0.525	
2556	0.35	0.525	
2557	0.375	0.525	
2558	0.4	0.525	
2559	0.425	0.525	
2560	0.45	0.525	
2561	0.475	0.525	
2562	0.5	0.525	
2563	0.525	0.528182	
2564	0.55	0.531364	
2565	0.575	0.534546	
2566	0.6	0.537728	
2567	0.625	0.540909	
2568	0.65	0.544091	
2569	0.675	0.547273	
2570	0.7	0.550455	
2571	0.725	0.553637	
2572	0.75	0.556819	
2573	0.775	0.560001	
2574	0.8	0.563183	
2575	0.825	0.566365	
2576	0.85	0.569547	
2577	0.875	0.572728	
2578	0.9	0.57591	
2579	0.925	0.579092	
2580	0.95	0.582274	
2581	0.975	0.585456	
2582	1	0.588638	
2583	1.025	0.588638	
2584	1.05	0.588638	
2585	1.075	0.588638	
2586	1.1	0.588638	
2587	1.125	0.588638	
2588	1.15	0.588638	
2589	1.175	0.588638	
2590	1.2	0.588638	
2591	1.225	0.588638	
2592	1.25	0.588638	
2593	1.275	0.588638	
2594	1.3	0.588638	
2595	1.325	0.588638	
2596	1.35	0.588638	
2597	1.375	0.588638	
2598	1.4	0.588638	
2599	1.425	0.588638	
2600	1.45	0.588638	
2601	1.475	0.588638	
2602	1.5	0.588638	
2603	1.525	0.588638	
2604	1.55	0.588638	
2605	1.575	0.588638	
2606	1.6	0.588638	
2607	1.625	0.588638	
2608	1.65	0.588638	
2609	1.675	0.588638	
2610	1.7	0.588638	
2611	1.725	0.588638	
2612	1.75	0.588638	
2613	1.775	0.588638	
2614	1.8	0.588638	
2615	1.825	0.588638	
2616	1.85	0.588638	
2617	1.875	0.588638	
2618	1.9	0.588638	
2619	1.925	0.588638	
2620	1.95	0.588638	
2621	1.975	0.588638	
2622	2	0.588638	
2623	2.025	0.588638	
2624	2.05	0.588638	
2625	2.075	0.588638	
2626	2.1	0.588638	
2627	2.125	0.588638	
2628	2.15	0.588638	
2629	2.175	0.588638	
2630	2.2	0.588638	
2631	2.225	0.588638	
2632	2.25	0.588638	
2633	2.275	0.588638	
2634	2.3	0.588638	
2635	2.325	0.588638	
2636	2.35	0.588638	
2637	2.375	0.588638	
2638	2.4	0.588638	
2639	2.425	0.588638	
2640	2.45	0.588638	
2641	2.475	0.588638	
2642	2.5	0.588638	
2643	2.525	0.588638	
2644	2.55	0.588638	
2645	2.575	0.588638	
2646	2.6	0.588638	
2647	2.625	0.588638	
2648	2.65	0.588638	
2649	2.675	0.588638	
2650	2.7	0.588638	
2651	2.725	0.588638	
2652	2.75	0.588638	
2653	2.775	0.588638	
2654	2.8	0.588638	
2655	2.825	0.588638	
2656	2.85	0.588638	
2657	2.875	0.588638	
2658	2.9	0.588638	
2659	2.925	0.588638	
2660	2.95	0.588638	
2661	2.975	0.588638	
2662	3	0.588638	
2663	0	0.55	
2664	0.025	0.55	
2665	0.05	0.55	
2666	0.075	0.55	
2667	0.1	0.55	
2668	0.125	0.55	
2669	0.15	0.55	
2670	0.175	0.55	
2671	0.2	0.55	
2672	0.225	0.55	
2673	0.25	0.55	
2674	0.275	0.55	
2675	0.3	0.55	
2676	0.325	0.55	
2677	0.35	0.55	
2678	0.375	0.55	
2679	0.4	0.55	
2680	0.425	0.55	
2681	0.45	0.55	
2682	0.475	0.55	
2683	0.5	0.55	
2684	0.525	0.553014	
2685	0.55	0.556029	
2686	0.575	0.559043	
2687	0.6	0.562058	
2688	0.625	0.565072	
2689	0.65	0.568087	
2690	0.675	0.571101	
2691	0.7	0.574115	
2692	0.725	0.57713	
2693	0.75	0.580144	
2694	0.775	0.583159	
2695	0.8	0.586173	
2696	0.825	0.589188	
2697	0.85	0.592202	
2698	0.875	0.595216	
2699	0.9	0.598231	
2700	0.925	0.601245	
2701	0.95	0.60426	
2702	0.975	0.607274	
2703	1	0.610289	
2704	1.025	0.610289	
2705	1.05	0.610289	
2706	1.075	0.610289	
2707	1.1	0.610289	
2708	1.125	0.610289	
2709	1.15	0.610289	
2710	1.175	0.610289	
2711	1.2	0.610289	
2712	1.225	0.610289	
2713	1.25	0.610289	
2714	1.275	0.610289	
2715	1.3	0.610289	
2716	1.325	0.610289	
2717	1.35	0.610289	
2718	1.375	0.610289	
2719	1.4	0.610289	
2720	1.425	0.610289	
2721	1.45	0.610289	
2722	1.475	0.610289	
2723	1.5	0.610289	
2724	1.525	0.610289	
2725	1.55	0.610289	
2726	1.575	0.610289	
2727	1.6	0.610289	
2728	1.625	0.610289	
2729	1.65	0.610289	
2730	1.675	0.610289	
2731	1.7	0.610289	
2732	1.725	0.610289	
2733	1.75	0.610289	
2734	1.775	0.610289	
2735	1.8	0.610289	
2736	1.825	0.610289	
2737	1.85	0.610289	
2738	1.875	0.610289	
2739	1.9	0.610289	
2740	1.925	0.610289	
2741	1.95	0.610289	
2742	1.975	0.610289	
2743	2	0.610289	
2744	2.025	0.610289	
2745	2.05	0.610289	
2746	2.075	0.610289	
2747	2.1	0.610289	
2748	2.125	0.610289	
2749	2.15	0.610289	
2750	2.175	0.610289	
2751	2.2	0.610289	
2752	2.225	0.610289	
2753	2.25	0.610289	
2754	2.275	0.610289	
2755	2.3	0.610289	
2756	2.325	0.610289	
2757	2.35	0.610289	
2758	2.375	0.610289	
2759	2.4	0.610289	
2760	2.425	0.610289	
2761	2.45	0.610289	
2762	2.475	0.610289	
2763	2.5	0.610289	
2764	2.525	0.610289	
2765	2.55	0.610289	
2766	2.575	0.610289	
2767	2.6	0.610289	
2768	2.625	0.610289	
2769	2.65	0.610289	
2770	2.675	0.610289	
2771	2.7	0.610289	
2772	2.725	0.610289	
2773	2.75	0.610289	
2774	2.775	0.610289	
2775	2.8	0.610289	
2776	2.825	0.610289	
2777	2.85	0.610289	
2778	2.875	0.610289	
2779	2.9	0.610289	
2780	2.925	0.610289	
2781	2.95	0.610289	
2782	2.975	0.610289	
2783	3	0.610289	
2784	0	0.575	
2785	0.025	0.575	
2786	0.05	0.575	
2787	0.075	0.575	
2788	0.1	0.575	
2789	0.125	0.575	
2790	0.15	0.575	
2791	0.175	0.575	
2792	0.2	0.575	
2793	0.225	0.575	
2794	0.25	0.575	
2795	0.275	0.575	
2796	0.3	0.575	
2797	0.325	0.575	
2798	0.35	0.575	
2799	0.375	0.575	
2800	0.4	0.575	
2801	0.425	0.575	
2802	0.45	0.575	
2803	0.475	0.575	
2804	0.5	0.575	
2805	0.525	0.577847	
2806	0.55	0.580694	
2807	0.575	0.583541	
2808	0.6	0.586388	
2809	0.625	0.589235	
2810	0.65	0.592082	
2811	0.675	0.594929	
2812	0.7	0.597776	
2813	0.725	0.600623	
2814	0.75	0.60347	
2815	0.775	0.606317	
2816	0.8	0.609164	
2817	0.825	0.61201	
2818	0.85	0.614857	
2819	0.875	0.617704	
2820	0.9	0.620551	
2821	0.925	0.623398	
2822	0.95	0.626245	
2823	0.975	0.629092	
2824	1	0.631939	
2825	1.025	0.631939	
2826	1.05	0.631939	
2827	1.075	0.631939	
2828	1.1	0.631939	
2829	1.125	0.631939	
2830	1.15	0.631939	
2831	1.175	0.631939	
2832	1.2	0.631939	
2833	1.225	0.631939	
2834	1.25	0.631939	
2835	1.275	0.631939	
2836	1.3	0.631939	
2837	1.325	0.631939	
2838	1.35	0.631939	
2839	1.375	0.631939	
2840	1.4	0.631939	
2841	1.425	0.631939	
2842	1.45	0.631939	
2843	1.475	0.631939	
2844	1.5	0.631939	
2845	1.525	0.631939	
2846	1.55	0.631939	
2847	1.575	0.631939	
2848	1.6	0.631939	
2849	1.625	0.631939	
2850	1.65	0.631939	
2851	1.675	0.631939	
2852	1.7	0.631939	
2853	1.725	0.631939	
2854	1.75	0.631939	
2855	1.775	0.631939	
2856	1.8	0.631939	
2857	1.825	0.631939	
2858	1.85	0.631939	
2859	1.875	0.631939	
2860	1.9	0.631939	
2861	1.925	0.631939	
2862	1.95	0.631939	
2863	1.975	0.631939	
2864	2	0.631939	
2865	2.025	0.631939	
2866	2.05	0.631939	
2867	2.075	0.631939	
2868	2.1	0.631939	
2869	2.125	0.631939	
2870	2.15	0.631939	
2871	2.175	0.631939	
2872	2.2	0.631939	
2873	2.225	0.631939	
2874	2.25	0.631939	
2875	2.275	0.631939	
2876	2.3	0.631939	
2877	2.325	0.631939	
2878	2.35	0.631939	
2879	2.375	0.631939	
2880	2.4	0.631939	
2881	2.425	0.631939	
2882	2.45	0.631939	
2883	2.475	0.631939	
2884	2.5	0.631939	
2885	2.525	0.631939	
2886	2.55	0.631939	
2887	2.575	0.631939	
2888	2.6	0.631939	
2889	2.625	0.631939	
2890	2.65	0.631939	
2891	2.675	0.631939	
2892	2.7	0.631939	
2893	2.725	0.631939	
2894	2.75	0.631939	
2895	2.775	0.631939	
2896	2.8	0.631939	
2897	2.825	0.631939	
2898	2.85	0.631939	
2899	2.875	0.631939	
2900	2.9	0.631939	
2901	2.925	0.631939	
2902	2.95	0.631939	
2903	2.975	0.631939	
2904	3	0.631939	
2905	0	0.6	
2906	0.025	0.6	
2907	0.05	0.6	
2908	0.075	0.6	
2909	0.1	0.6	
2910	0.125	0.6	
2911	0.15	0.6	
2912	0.175	0.6	
2913	0.2	0.6	
2914	0.225	0.6	
2915	0.25	0.6	
2916	0.275	0.6	
2917	0.3	0.6	
2918	0.325	0.6	
2919	0.35	0.6	
2920	0.375	0.6	
2921	0.4	0.6	
2922	0.425	0.6	
2923	0.45	0.6	
2924	0.475	0.6	
2925	0.5	0.6	
2926	0.525	0.602679	
2927	0.55	0.605359	
2928	0.575	0.608038	
2929	0.6	0.610718	
2930	0.625	0.613397	
2931	0.65	0.616077	
2932	0.675	0.618756	
2933	0.7	0.621436	
2934	0.725	0.624115	
2935	0.75	0.626795	
2936	0.775	0.629474	
2937	0.8	0.632154	
2938	0.825	0.634833	
2939	0.85	0.637513	
2940	0.875	0.640192	
2941	0.9	0.642872	
2942	0.925	0.645551	
2943	0.95	0.648231	
2944	0.975	0.65091	
2945	1	0.65359	
2946	1.025	0.65359	
2947	1.05	0.65359	
2948	1.075	0.65359	
2949	1.1	0.65359	
2950	1.125	0.65359	
2951	1.15	0.65359	
2952	1.175	0.65359	
2953	1.2	0.65359	
2954	1.225	0.65359	
2955	1.25	0.65359	
2956	1.275	0.65359	
2957	1.3	0.65359	
2958	1.325	0.65359	
2959	1.35	0.65359	
2960	1.375	0.65359	
2961	1.4	0.65359	
2962	1.425	0.65359	
2963	1.45	0.65359	
2964	1.475	0.65359	
2965	1.5	0.65359	
2966	1.525	0.65359	
2967	1.55	0.65359	
2968	1.575	0.65359	
2969	1.6	0.65359	
2970	1.625	0.65359	
2971	1.65	0.65359	
2972	1.675	0.65359	
2973	1.7	0.65359	
2974	1.725	0.65359	
2975	1.75	0.65359	
2976	1.775	0.65359	
2977	1.8	0.65359	
2978	1.825	0.65359	
2979	1.85	0.65359	
2980	1.875	0.65359	
2981	1.9	0.65359	
2982	1.925	0.65359	
2983	1.95	0.65359	
2984	1.975	0.65359	
2985	2	0.65359	
2986	2.025	0.65359	
2987	2.05	0.65359	
2988	2.075	0.65359	
2989	2.1	0.65359	
2990	2.125	0.65359	
2991	2.15	0.65359	
2992	2.175	0.65359	
2993	2.2	0.65359	
2994	2.225	0.65359	
2995	2.25	0.65359	
2996	2.275	0.65359	
2997	2.3	0.65359	
2998	2.325	0.65359	
2999	2.35	0.65359	
3000	2.375	0.65359	
3001	2.4	0.65359	
3002	2.425	0.65359	
3003	2.45	0.65359	
3004	2.475	0.65359	
3005	2.5	0.65359	
3006	2.525	0.65359	
3007	2.55	0.65359	
3008	2.575	0.65359	
3009	2.6	0.65359	
3010	2.625	0.65359	
3011	2.65	0.65359	
3012	2.675	0.65359	
3013	2.7	0.65359	
3014	2.725	0.65359	
3015	2.75	0.65359	
3016	2.775	0.65359	
3017	2.8	0.65359	
3018	2.825	0.65359	
3019	2.85	0.65359	
3020	2.875	0.65359	
3021	2.9	0.65359	
3022	2.925	0.65359	
3023	2.95	0.65359	
3024	2.975	0.65359	
3025	3	0.65359	
3026	0	0.625	
3027	0.025	0.625	
3028	0.05	0.625	
3029	0.075	0.625	
3030	0.1	0.625	
3031	0.125	0.625	
3032	0.15	0.625	
3033	0.175	0.625	
3034	0.2	0.625	
3035	0.225	0.625	
3036	0.25	0.625	
3037	0.275	0.625	
3038	0.3	0.625	
3039	0.325	0.625	
3040	0.35	0.625	
3041	0.375	0.625	
3042	0.4	0.625	
3043	0.425	0.625	
3044	0.45	0.625	
3045	0.475	0.625	
3046	0.5	0.625	
3047	0.525	0.627512	
3048	0.55	0.630024	
3049	0.575	0.632536	
3050	0.6	0.635048	
3051	0.625	0.63756	
3052	0.65	0.640072	
3053	0.675	0.642584	
3054	0.7	0.645096	
3055	0.725	0.647608	
3056	0.75	0.65012	
3057	0.775	0.652632	
3058	0.8	0.655144	
3059	0.825	0.657656	
3060	0.85	0.660168	
3061	0.875	0.66268	
3062	0.9	0.665192	
3063	0.925	0.667704	
3064	0.95	0.670216	
3065	0.975	0.672728	
3066	1	0.67524	
3067	1.025	0.67524	
3068	1.05	0.67524	
3069	1.075	0.67524	
3070	1.1	0.67524	
3071	1.125	0.67524	
3072	1.15	0.67524	
3073	1.175	0.67524	
3074	1.2	0.67524	
3075	1.225	0.67524	
3076	1.25	0.67524	
3077	1.275	0.67524	
3078	1.3	0.67524	
3079	1.325	0.67524	
3080	1.35	0.67524	
3081	1.375	0.67524	
3082	1.4	0.67524	
3083	1.425	0.67524	
3084	1.45	0.67524	
3085	1.475	0.67524	
3086	1.5	0.67524	
3087	1.525	0.67524	
3088	1.55	0.67524	
3089	1.575	0.67524	
3090	1.6	0.67524	
3091	1.625	0.67524	
3092	1.65	0.67524	
3093	1.675	0.67524	
3094	1.7	0.67524	
3095	1.725	0.67524	
3096	1.75	0.67524	
3097	1.775	0.67524	
3098	1.8	0.67524	
3099	1.825	0.67524	
3100	1.85	0.67524	
3101	1.875	0.67524	
3102	1.9	0.67524	
3103	1.925	0.67524	
3104	1.95	0.67524	
3105	1.975	0.67524	
3106	2	0.67524	
3107	2.025	0.67524	
3108	2.05	0.67524	
3109	2.075	0.67524	
3110	2.1	0.67524	
3111	2.125	0.67524	
3112	2.15	0.67524	
3113	2.175	0.67524	
3114	2.2	0.67524	
3115	2.225	0.67524	
3116	2.25	0.67524	
3117	2.275	0.67524	
3118	2.3	0.67524	
3119	2.325	0.67524	
3120	2.35	0.67524	
3121	2.375	0.67524	
3122	2.4	0.67524	
3123	2.425	0.67524	
3124	2.45	0.67524	
3125	2.475	0.67524	
3126	2.5	0.67524	
3127	2.525	0.67524	
3128	2.55	0.67524	
3129	2.575	0.67524	
3130	2.6	0.67524	
3131	2.625	0.67524	
3132	2.65	0.67524	
3133	2.675	0.67524	
3134	2.7	0.67524	
3135	2.725	0.67524	
3136	2.75	0.67524	
3137	2.775	0.67524	
3138	2.8	0.67524	
3139	2.825	0.67524	
3140	2.85	0.67524	
3141	2.875	0.67524	
3142	2.9	0.67524	
3143	2.925	0.67524	
3144	2.95	0.67524	
3145	2.975	0.67524	
3146	3	0.67524	
3147	0	0.65	
3148	0.025	0.65	
3149	0.05	0.65	
3150	0.075	0.65	
3151	0.1	0.65	
3152	0.125	0.65	
3153	0.15	0.65	
3154	0.175	0.65	
3155	0.2	0.65	
3156	0.225	0.65	
3157	0.25	0.65	
3158	0.275	0.65	
3159	0.3	0.65	
3160	0.325	0.65	
3161	0.35	0.65	
3162	0.375	0.65	
3163	0.4	0.65	
3164	0.425	0.65	
3165	0.45	0.65	
3166	0.475	0.65	
3167	0.5	0.65	
3168	0.525	0.652345	
3169	0.55	0.654689	
3170	0.575	0.657034	
3171	0.6	0.659378	
3172	0.625	0.661723	
3173	0.65	0.664067	
3174	0.675	0.666412	
3175	0.7	0.668756	
3176	0.725	0.671101	
3177	0.75	0.673446	
3178	0.775	0.67579	
3179	0.8	0.678135	
3180	0.825	0.680479	
3181	0.85	0.682824	
3182	0.875	0.685168	
3183	0.9	0.687513	
3184	0.925	0.689857	
3185	0.95	0.692202	
3186	0.975	0.694547	
3187	1	0.696891	
3188	1.025	0.696891	
3189	1.05	0.696891	
3190	1.075	0.696891	
3191	1.1	0.696891	
3192	1.125	0.696891	
3193	1.15	0.696891	
3194	1.175	0.696891	
3195	1.2	0.696891	
3196	1.225	0.696891	
3197	1.25	0.696891	
3198	1.275	0.696891	
3199	1.3	0.696891	
3200	1.325	0.696891	
3201	1.35	0.696891	
3202	1.375	0.696891	
3203	1.4	0.696891	
3204	1.425	0.696891	
3205	1.45	0.696891	
3206	1.475	0.696891	
3207	1.5	0.696891	
3208	1.525	0.696891	
3209	1.55	0.696891	
3210	1.575	0.696891	
3211	1.6	0.696891	
3212	1.625	0.696891	
3213	1.65	0.696891	
3214	1.675	0.696891	
3215	1.7	0.696891	
3216	1.725	0.696891	
3217	1.75	0.696891	
3218	1.775	0.696891	
3219	1.8	0.696891	
3220	1.825	0.696891	
3221	1.85	0.696891	
3222	1.875	0.696891	
3223	1.9	0.696891	
3224	1.925	0.696891	
3225	1.95	0.696891	
3226	1.975	0.696891	
3227	2	0.696891	
3228	2.025	0.696891	
3229	2.05	0.696891	
3230	2.075	0.696891	
3231	2.1	0.696891	
3232	2.125	0.696891	
3233	2.15	0.696891	
3234	2.175	0.696891	
3235	2.2	0.696891	
3236	2.225	0.696891	
3237	2.25	0.696891	
3238	2.275	0.696891	
3239	2.3	0.696891	
3240	2.325	0.696891	
3241	2.35	0.696891	
3242	2.375	0.696891	
3243	2.4	0.696891	
3244	2.425	0.696891	
3245	2.45	0.696891	
3246	2.475	0.696891	
3247	2.5	0.696891	
3248	2.525	0.696891	
3249	2.55	0.696891	
3250	2.575	0.696891	
3251	2.6	0.696891	
3252	2.625	0.696891	
3253	2.65	0.696891	
3254	2.675	0.696891	
3255	2.7	0.696891	
3256	2.725	0.696891	
3257	2.75	0.696891	
3258	2.775	0.696891	
3259	2.8	0.696891	
3260	2.825	0.696891	
3261	2.85	0.696891	
3262	2.875	0.696891	
3263	2.9	0.696891	
3264	2.925	0.696891	
3265	2.95	0.696891	
3266	2.975	0.696891	
3267	3	0.696891	
3268	0	0.675	
3269	0.025	0.675	
3270	0.05	0.675	
3271	0.075	0.675	
3272	0.1	0.675	
3273	0.125	0.675	
3274	0.15	0.675	
3275	0.175	0.675	
3276	0.2	0.675	
3277	0.225	0.675	
3278	0.25	0.675	
3279	0.275	0.675	
3280	0.3	0.675	
3281	0.325	0.675	
3282	0.35	0.675	
3283	0.375	0.675	
3284	0.4	0.675	
3285	0.425	0.675	
3286	0.45	0.675	
3287	0.475	0.675	
3288	0.5	0.675	
3289	0.525	0.677177	
3290	0.55	0.679354	
3291	0.575	0.681531	
3292	0.6	0.683708	
3293	0.625	0.685885	
3294	0.65	0.688063	
3295	0.675	0.69024	
3296	0.7	0.692417	
3297	0.725	0.694594	
3298	0.75	0.696771	
3299	0.775	0.698948	
3300	0.8	0.701125	
3301	0.825	0.703302	
3302	0.85	0.705479	
3303	0.875	0.707656	
3304	0.9	0.709833	
3305	0.925	0.71201	
3306	0.95	0.714188	
3307	0.975	0.716365	
3308	1	0.718542	
3309	1.025	0.718542	
3310	1.05	0.718542	
3311	1.075	0.718542	
3312	1.1	0.718542	
3313	1.125	0.718542	
3314	1.15	0.718542	
3315	1.175	0.718542	
3316	1.2	0.718542	
3317	1.225	0.718542	
3318	1.25	0.718542	
3319	1.275	0.718542	
3320	1.3	0.718542	
3321	1.325	0.718542	
3322	1.35	0.718542	
3323	1.375	0.718542	
3324	1.4	0.718542	
3325	1.425	0.718542	
3326	1.45	0.718542	
3327	1.475	0.718542	
3328	1.5	0.718542	
3329	1.525	0.718542	
3330	1.55	0.718542	
3331	1.575	0.718542	
3332	1.6	0.718542	
3333	1.625	0.718542	
3334	1.65	0.718542	
3335	1.675	0.718542	
3336	1.7	0.718542	
3337	1.725	0.718542	
3338	1.75	0.718542	
3339	1.775	0.718542	
3340	1.8	0.718542	
3341	1.825	0.718542	
3342	1.85	0.718542	
3343	1.875	0.718542	
3344	1.9	0.718542	
3345	1.925	0.718542	
3346	1.95	0.718542	
3347	1.975	0.718542	
3348	2	0.718542	
3349	2.025	0.718542	
3350	2.05	0.718542	
3351	2.075	0.718542	
3352	2.1	0.718542	
3353	2.125	0.718542	
3354	2.15	0.718542	
3355	2.175	0.718542	
3356	2.2	0.718542	
3357	2.225	0.718542	
3358	2.25	0.718542	
3359	2.275	0.718542	
3360	2.3	0.718542	
3361	2.325	0.718542	
3362	2.35	0.718542	
3363	2.375	0.718542	
3364	2.4	0.718542	
3365	2.425	0.718542	
3366	2.45	0.718542	
3367	2.475	0.718542	
3368	2.5	0.718542	
3369	2.525	0.718542	
3370	2.55	0.718542	
3371	2.575	0.718542	
3372	2.6	0.718542	
3373	2.625	0.718542	
3374	2.65	0.718542	
3375	2.675	0.718542	
3376	2.7	0.718542	
3377	2.725	0.718542	
3378	2.75	0.718542	
3379	2.775	0.718542	
3380	2.8	0.718542	
3381	2.825	0.718542	
3382	2.85	0.718542	
3383	2.875	0.718542	
3384	2.9	0.718542	
3385	2.925	0.718542	
3386	2.95	0.718542	
3387	2.975	0.718542	
3388	3	0.718542	
3389	0	0.7	
3390	0.025	0.7	
3391	0.05	0.7	
3392	0.075	0.7	
3393	0.1	0.7	
3394	0.125	0.7	
3395	0.15	0.7	
3396	0.175	0.7	
3397	0.2	0.7	
3398	0.225	0.7	
3399	0.25	0.7	
3400	0.275	0.7	
3401	0.3	0.7	
3402	0.325	0.7	
3403	0.35	0.7	
3404	0.375	0.7	
3405	0.4	0.7	
3406	0.425	0.7	
3407	0.45	0.7	
3408	0.475	0.7	
3409	0.5	0.7	
3410	0.525	0.70201	
3411	0.55	0.704019	
3412	0.575	0.706029	
3413	0.6	0.708038	
3414	0.625	0.710048	
3415	0.65	0.712058	
3416	0.675	0.714067	
3417	0.7	0.716077	
3418	0.725	0.718087	
3419	0.75	0.720096	
3420	0.775	0.722106	
3421	0.8	0.724115	
3422	0.825	0.726125	
3423	0.85	0.728135	
3424	0.875	0.730144	
3425	0.9	0.732154	
3426	0.925	0.734164	
3427	0.95	0.736173	
3428	0.975	0.738183	
3429	1	0.740192	
3430	1.025	0.740192	
3431	1.05	0.740192	
3432	1.075	0.740192	
3433	1.1	0.740192	
3434	1.125	0.740192	
3435	1.15	0.740192	
3436	1.175	0.740192	
3437	1.2	0.740192	
3438	1.225	0.740192	
3439	1.25	0.740192	
3440	1.275	0.740192	
3441	1.3	0.740192	
3442	1.325	0.740192	
3443	1.35	0.740192	
3444	1.375	0.740192	
3445	1.4	0.740192	
3446	1.425	0.740192	
3447	1.45	0.740192	
3448	1.475	0.740192	
3449	1.5	0.740192	
3450	1.525	0.740192	
3451	1.55	0.740192	
3452	1.575	0.740192	
3453	1.6	0.740192	
3454	1.625	0.740192	
3455	1.65	0.740192	
3456	1.675	0.740192	
3457	1.7	0.740192	
3458	1.725	0.740192	
3459	1.75	0.740192	
3460	1.775	0.740192	
3461	1.8	0.740192	
3462	1.825	0.740192	
3463	1.85	0.740192	
3464	1.875	0.740192	
3465	1.9	0.740192	
3466	1.925	0.740192	
3467	1.95	0.740192	
3468	1.975	0.740192	
3469	2	0.740192	
3470	2.025	0.740192	
3471	2.05	0.740192	
3472	2.075	0.740192	
3473	2.1	0.740192	
3474	2.125	0.740192	
3475	2.15	0.740192	
3476	2.175	0.740192	
3477	2.2	0.740192	
3478	2.225	0.740192	
3479	2.25	0.740192	
3480	2.275	0.740192	
3481	2.3	0.740192	
3482	2.325	0.740192	
3483	2.35	0.740192	
3484	2.375	0.740192	
3485	2.4	0.740192	
3486	2.425	0.740192	
3487	2.45	0.740192	
3488	2.475	0.740192	
3489	2.5	0.740192	
3490	2.525	0.740192	
3491	2.55	0.740192	
3492	2.575	0.740192	
3493	2.6	0.740192	
3494	2.625	0.740192	
3495	2.65	0.740192	
3496	2.675	0.740192	
3497	2.7	0.740192	
3498	2.725	0.740192	
3499	2.75	0.740192	
3500	2.775	0.740192	
3501	2.8	0.740192	
3502	2.825	0.740192	
3503	2.85	0.740192	
3504	2.875	0.740192	
3505	2.9	0.740192	
3506	2.925	0.740192	
3507	2.95	0.740192	
3508	2.975	0.740192	
3509	3	0.740192	
3510	0	0.725	
3511	0.025	0.725	
3512	0.05	0.725	
3513	0.075	0.725	
3514	0.1	0.725	
3515	0.125	0.725	
3516	0.15	0.725	
3517	0.175	0.725	
3518	0.2	0.725	
3519	0.225	0.725	
3520	0.25	0.725	
3521	0.275	0.725	
3522	0.3	0.725	
3523	0.325	0.725	
3524	0.35	0.725	
3525	0.375	0.725	
3526	0.4	0.725	
3527	0.425	0.725	
3528	0.45	0.725	
3529	0.475	0.725	
3530	0.5	0.725	
3531	0.525	0.726842	
3532	0.55	0.728684	
3533	0.575	0.730526	
3534	0.6	0.732369	
3535	0.625	0.734211	
3536	0.65	0.736053	
3537	0.675	0.737895	
3538	0.7	0.739737	
3539	0.725	0.741579	
3540	0.75	0.743422	
3541	0.775	0.745264	
3542	0.8	0.747106	
3543	0.825	0.748948	
3544	0.85	0.75079	
3545	0.875	0.752632	
3546	0.9	0.754474	
3547	0.925	0.756317	
3548	0.95	0.758159	
3549	0.975	0.760001	
3550	1	0.761843	
3551	1.025	0.761843	
3552	1.05	0.761843	
3553	1.075	0.761843	
3554	1.1	0.761843	
3555	1.125	0.761843	
3556	1.15	0.761843	
3557	1.175	0.761843	
3558	1.2	0.761843	
3559	1.225	0.761843	
3560	1.25	0.761843	
3561	1.275	0.761843	
3562	1.3	0.761843	
3563	1.325	0.761843	
3564	1.35	0.761843	
3565	1.375	0.761843	
3566	1.4	0.761843	
3567	1.425	0.761843	
3568	1.45	0.761843	
3569	1.475	0.761843	
3570	1.5	0.761843	
3571	1.525	0.761843	
3572	1.55	0.761843	
3573	1.575	0.761843	
3574	1.6	0.761843	
3575	1.625	0.761843	
3576	1.65	0.761843	
3577	1.675	0.761843	
3578	1.7	0.761843	
3579	1.725	0.761843	
3580	1.75	0.761843	
3581	1.775	0.761843	
3582	1.8	0.761843	
3583	1.825	0.761843	
3584	1.85	0.761843	
3585	1.875	0.761843	
3586	1.9	0.761843	
3587	1.925	0.761843	
3588	1.95	0.761843	
3589	1.975	0.761843	
3590	2	0.761843	
3591	2.025	0.761843	
3592	2.05	0.761843	
3593	2.075	0.761843	
3594	2.1	0.761843	
3595	2.125	0.761843	
3596	2.15	0.761843	
3597	2.175	0.761843	
3598	2.2	0.761843	
3599	2.225	0.761843	
3600	2.25	0.761843	
3601	2.275	0.761843	
3602	2.3	0.761843	
3603	2.325	0.761843	
3604	2.35	0.761843	
3605	2.375	0.761843	
3606	2.4	0.761843	
3607	2.425	0.761843	
3608	2.45	0.761843	
3609	2.475	0.761843	
3610	2.5	0.761843	
3611	2.525	0.761843	
3612	2.55	0.761843	
3613	2.575	0.761843	
3614	2.6	0.761843	
3615	2.625	0.761843	
3616	2.65	0.761843	
3617	2.675	0.761843	
3618	2.7	0.761843	
3619	2.725	0.761843	
3620	2.75	0.761843	
3621	2.775	0.761843	
3622	2.8	0.761843	
3623	2.825	0.761843	
3624	2.85	0.761843	
3625	2.875	0.761843	
3626	2.9	0.761843	
3627	2.925	0.761843	
3628	2.95	0.761843	
3629	2.975	0.761843	
3630	3	0.761843	
3631	0	0.75	
3632	0.025	0.75	
3633	0.05	0.75	
3634	0.075	0.75	
3635	0.1	0.75	
3636	0.125	0.75	
3637	0.15	0.75	
3638	0.175	0.75	
3639	0.2	0.75	
3640	0.225	0.75	
3641	0.25	0.75	
3642	0.275	0.75	
3643	0.3	0.75	
3644	0.325	0.75	
3645	0.35	0.75	
3646	0.375	0.75	
3647	0.4	0.75	
3648	0.425	0.75	
3649	0.45	0.75	
3650	0.475	0.75	
3651	0.5	0.75	
3652	0.525	0.751675	
3653	0.55	0.753349	
3654	0.575	0.755024	
3655	0.6	0.756699	
3656	0.625	0.758373	
3657	0.65	0.760048	
3658	0.675	0.761723	
3659	0.7	0.763397	
3660	0.725	0.765072	
3661	0.75	0.766747	
3662	0.775	0.768422	
3663	0.8	0.770096	
3664	0.825	0.771771	
3665	0.85	0.773446	
3666	0.875	0.77512	
3667	0.9	0.776795	
3668	0.925	0.77847	
3669	0.95	0.780144	
3670	0.975	0.781819	
3671	1	0.783494	
3672	1.025	0.783494	
3673	1.05	0.783494	
3674	1.075	0.783494	
3675	1.1	0.783494	
3676	1.125	0.783494	
3677	1.15	0.783494	
3678	1.175	0.783494	
3679	1.2	0.783494	
3680	1.225	0.783494	
3681	1.25	0.783494	
3682	1.275	0.783494	
3683	1.3	0.783494	
3684	1.325	0.783494	
3685	1.35	0.783494	
3686	1.375	0.783494	
3687	1.4	0.783494	
3688	1.425	0.783494	
3689	1.45	0.783494	
3690	1.475	0.783494	
3691	1.5	0.783494	
3692	1.525	0.783494	
3693	1.55	0.783494	
3694	1.575	0.783494	
3695	1.6	0.783494	
3696	1.625	0.783494	
3697	1.65	0.783494	
3698	1.675	0.783494	
3699	1.7	0.783494	
3700	1.725	0.783494	
3701	1.75	0.783494	
3702	1.775	0.783494	
3703	1.8	0.783494	
3704	1.825	0.783494	
3705	1.85	0.783494	
3706	1.875	0.783494	
3707	1.9	0.783494	
3708	1.925	0.783494	
3709	1.95	0.783494	
3710	1.975	0.783494	
3711	2	0.783494	
3712	2.025	0.783494	
3713	2.05	0.783494	
3714	2.075	0.783494	
3715	2.1	0.783494	
3716	2.125	0.783494	
3717	2.15	0.783494	
3718	2.175	0.783494	
3719	2.2	0.783494	
3720	2.225	0.783494	
3721	2.25	0.783494	
3722	2.275	0.783494	
3723	2.3	0.783494	
3724	2.325	0.783494	
3725	2.35	0.783494	
3726	2.375	0.783494	
3727	2.4	0.783494	
3728	2.425	0.783494	
3729	2.45	0.783494	
3730	2.475	0.783494	
3731	2.5	0.783494	
3732	2.525	0.783494	
3733	2.55	0.783494	
3734	2.575	0.783494	
3735	2.6	0.783494	
3736	2.625	0.783494	
3737	2.65	0.783494	
3738	2.675	0.783494	
3739	2.7	0.783494	
3740	2.725	0.783494	
3741	2.75	0.783494	
3742	2.775	0.783494	
3743	2.8	0.783494	
3744	2.825	0.783494	
3745	2.85	0.783494	
3746	2.875	0.783494	
3747	2.9	0.783494	
3748	2.925	0.783494	
3749	2.95	0.783494	
3750	2.975	0.783494	
3751	3	0.783494	
3752	0	0.775	
3753	0.025	0.775	
3754	0.05	0.775	
3755	0.075	0.775	
3756	0.1	0.775	
3757	0.125	0.775	
3758	0.15	0.775	
3759	0.175	0.775	
3760	0.2	0.775	
3761	0.225	0.775	
3762	0.25	0.775	
3763	0.275	0.775	
3764	0.3	0.775	
3765	0.325	0.775	
3766	0.35	0.775	
3767	0.375	0.775	
3768	0.4	0.775	
3769	0.425	0.775	
3770	0.45	0.775	
3771	0.475	0.775	
3772	0.5	0.775	
3773	0.525	0.776507	
3774	0.55	0.778014	
3775	0.575	0.779522	
3776	0.6	0.781029	
3777	0.625	0.782536	
3778	0.65	0.784043	
3779	0.675	0.78555	
3780	0.7	0.787058	
3781	0.725	0.788565	
3782	0.75	0.790072	
3783	0.775	0.791579	
3784	0.8	0.793087	
3785	0.825	0.794594	
3786	0.85	0.796101	
3787	0.875	0.797608	
3788	0.9	0.799115	
3789	0.925	0.800623	
3790	0.95	0.80213	
3791	0.975	0.803637	
3792	1	0.805144	
3793	1.025	0.805144	
3794	1.05	0.805144	
3795	1.075	0.805144	
3796	1.1	0.805144	
3797	1.125	0.805144	
3798	1.15	0.805144	
3799	1.175	0.805144	
3800	1.2	0.805144	
3801	1.225	0.805144	
3802	1.25	0.805144	
3803	1.275	0.805144	
3804	1.3	0.805144	
3805	1.325	0.805144	
3806	1.35	0.805144	
3807	1.375	0.805144	
3808	1.4	0.805144	
3809	1.425	0.805144	
3810	1.45	0.805144	
3811	1.475	0.805144	
3812	1.5	0.805144	
3813	1.525	0.805144	
3814	1.55	0.805144	
3815	1.575	0.805144	
3816	1.6	0.805144	
3817	1.625	0.805144	
3818	1.65	0.805144	
3819	1.675	0.805144	
3820	1.7	0.805144	
3821	1.725	0.805144	
3822	1.75	0.805144	
3823	1.775	0.805144	
3824	1.8	0.805144	
3825	1.825	0.805144	
3826	1.85	0.805144	
3827	1.875	0.805144	
3828	1.9	0.805144	
3829	1.925	0.805144	
3830	1.95	0.805144	
3831	1.975	0.805144	
3832	2	0.805144	
3833	2.025	0.805144	
3834	2.05	0.805144	
3835	2.075	0.805144	
3836	2.1	0.805144	
3837	2.125	0.805144	
3838	2.15	0.805144	
3839	2.175	0.805144	
3840	2.2	0.805144	
3841	2.225	0.805144	
3842	2.25	0.805144	
3843	2.275	0.805144	
3844	2.3	0.805144	
3845	2.325	0.805144	
3846	2.35	0.805144	
3847	2.375	0.805144	
3848	2.4	0.805144	
3849	2.425	0.805144	
3850	2.45	0.805144	
3851	2.475	0.805144	
3852	2.5	0.805144	
3853	2.525	0.805144	
3854	2.55	0.805144	
3855	2.575	0.805144	
3856	2.6	0.805144	
3857	2.625	0.805144	
3858	2.65	0.805144	
3859	2.675	0.805144	
3860	2.7	0.805144	
3861	2.725	0.805144	
3862	2.75	0.805144	
3863	2.775	0.805144	
3864	2.8	0.805144	
3865	2.825	0.805144	
3866	2.85	0.805144	
3867	2.875	0.805144	
3868	2.9	0.805144	
3869	2.925	0.805144	
3870	2.95	0.805144	
3871	2.975	0.805144	
3872	3	0.805144	
3873	0	0.8	
3874	0.025	0.8	
3875	0.05	0.8	
3876	0.075	0.8	
3877	0.1	0.8	
3878	0.125	0.8	
3879	0.15	0.8	
3880	0.175	0.8	
3881	0.2	0.8	
3882	0.225	0.8	
3883	0.25	0.8	
3884	0.275	0.8	
3885	0.3	0.8	
3886	0.325	0.8	
3887	0.35	0.8	
3888	0.375	0.8	
3889	0.4	0.8	
3890	0.425	0.8	
3891	0.45	0.8	
3892	0.475	0.8	
3893	0.5	0.8	
3894	0.525	0.80134	
3895	0.55	0.802679	
3896	0.575	0.804019	
3897	0.6	0.805359	
3898	0.625	0.806699	
3899	0.65	0.808038	
3900	0.675	0.809378	
3901	0.7	0.810718	
3902	0.725	0.812058	
3903	0.75	0.813397	
3904	0.775	0.814737	
3905	0.8	0.816077	
3906	0.825	0.817417	
3907	0.85	0.818756	
3908	0.875	0.820096	
3909	0.9	0.821436	
3910	0.925	0.822776	
3911	0.95	0.824115	
3912	0.975	0.825455	
3913	1	0.826795	
3914	1.025	0.826795	
3915	1.05	0.826795	
3916	1.075	0.826795	
3917	1.1	0.826795	
3918	1.125	0.826795	
3919	1.15	0.826795	
3920	1.175	0.826795	
3921	1.2	0.826795	
3922	1.225	0.826795	
3923	1.25	0.826795	
3924	1.275	0.826795	
3925	1.3	0.826795	
3926	1.325	0.826795	
3927	1.35	0.826795	
3928	1.375	0.826795	
3929	1.4	0.826795	
3930	1.425	0.826795	
3931	1.45	0.826795	
3932	1.475	0.826795	
3933	1.5	0.826795	
3934	1.525	0.826795	
3935	1.55	0.826795	
3936	1.575	0.826795	
3937	1.6	0.826795	
3938	1.625	0.826795	
3939	1.65	0.826795	
3940	1.675	0.826795	
3941	1.7	0.826795	
3942	1.725	0.826795	
3943	1.75	0.826795	
3944	1.775	0.826795	
3945	1.8	0.826795	
3946	1.825	0.826795	
3947	1.85	0.826795	
3948	1.875	0.826795	
3949	1.9	0.826795	
3950	1.925	0.826795	
3951	1.95	0.826795	
3952	1.975	0.826795	
3953	2	0.826795	
3954	2.025	0.826795	
3955	2.05	0.826795	
3956	2.075	0.826795	
3957	2.1	0.826795	
3958	2.125	0.826795	
3959	2.15	0.826795	
3960	2.175	0.826795	
3961	2.2	0.826795	
3962	2.225	0.826795	
3963	2.25	0.826795	
3964	2.275	0.826795	
3965	2.3	0.826795	
3966	2.325	0.826795	
3967	2.35	0.826795	
3968	2.375	0.826795	
3969	2.4	0.826795	
3970	2.425	0.826795	
3971	2.45	0.826795	
3972	2.475	0.826795	
3973	2.5	0.826795	
3974	2.525	0.826795	
3975	2.55	0.826795	
3976	2.575	0.826795	
3977	2.6	0.826795	
3978	2.625	0.826795	
3979	2.65	0.826795	
3980	2.675	0.826795	
3981	2.7	0.826795	
3982	2.725	0.826795	
3983	2.75	0.826795	
3984	2.775	0.826795	
3985	2.8	0.826795	
3986	2.825	0.826795	
3987	2.85	0.826795	
3988	2.875	0.826795	
3989	2.9	0.826795	
3990	2.925	0.826795	
3991	2.95	0.826795	
3992	2.975	0.826795	
3993	3	0.826795	
3994	0	0.825	
3995	0.025	0.825	
3996	0.05	0.825	
3997	0.075	0.825	
3998	0.1	0.825	
3999	0.125	0.825	
4000	0.15	0.825	
4001	0.175	0.825	
4002	0.2	0.825	
4003	0.225	0.825	
4004	0.25	0.825	
4005	0.275	0.825	
4006	0.3	0.825	
4007	0.325	0.825	
4008	0.35	0.825	
4009	0.375	0.825	
4010	0.4	0.825	
4011	0.425	0.825	
4012	0.45	0.825	
4013	0.475	0.825	
4014	0.5	0.825	
4015	0.525	0.826172	
4016	0.55	0.827345	
4017	0.575	0.828517	
4018	0.6	0.829689	
4019	0.625	0.830861	
4020	0.65	0.832034	
4021	0.675	0.833206	
4022	0.7	0.834378	
4023	0.725	0.83555	
4024	0.75	0.836723	
4025	0.775	0.837895	
4026	0.8	0.839067	
4027	0.825	0.84024	
4028	0.85	0.841412	
4029	0.875	0.842584	
4030	0.9	0.843756	
4031	0.925	0.844929	
4032	0.95	0.846101	
4033	0.975	0.847273	
4034	1	0.848446	
4035	1.025	0.848446	
4036	1.05	0.848446	
4037	1.075	0.848446	
4038	1.1	0.848446	
4039	1.125	0.848446	
4040	1.15	0.848446	
4041	1.175	0.848446	
4042	1.2	0.848446	
4043	1.225	0.848446	
4044	1.25	0.848446	
4045	1.275	0.848446	
4046	1.3	0.848446	
4047	1.325	0.848446	
4048	1.35	0.848446	
4049	1.375	0.848446	
4050	1.4	0.848446	
4051	1.425	0.848446	
4052	1.45	0.848446	
4053	1.475	0.848446	
4054	1.5	0.848446	
4055	1.525	0.848446	
4056	1.55	0.848446	
4057	1.575	0.848446	
4058	1.6	0.848446	
4059	1.625	0.848446	
4060	1.65	0.848446	
4061	1.675	0.848446	
4062	1.7	0.848446	
4063	1.725	0.848446	
4064	1.75	0.848446	
4065	1.775	0.848446	
4066	1.8	0.848446	
4067	1.825	0.848446	
4068	1.85	0.848446	
4069	1.875	0.848446	
4070	1.9	0.848446	
4071	1.925	0.848446	
4072	1.95	0.848446	
4073	1.975	0.848446	
4074	2	0.848446	
4075	2.025	0.848446	
4076	2.05	0.848446	
4077	2.075	0.848446	
4078	2.1	0.848446	
4079	2.125	0.848446	
4080	2.15	0.848446	
4081	2.175	0.848446	
4082	2.2	0.848446	
4083	2.225	0.848446	
4084	2.25	0.848446	
4085	2.275	0.848446	
4086	2.3	0.848446	
4087	2.325	0.848446	
4088	2.35	0.848446	
4089	2.375	0.848446	
4090	2.4	0.848446	
4091	2.425	0.848446	
4092	2.45	0.848446	
4093	2.475	0.848446	
4094	2.5	0.848446	
4095	2.525	0.848446	
4096	2.55	0.848446	
4097	2.575	0.848446	
4098	2.6	0.848446	
4099	2.625	0.848446	
4100	2.65	0.848446	
4101	2.675	0.848446	
4102	2.7	0.848446	
4103	2.725	0.848446	
4104	2.75	0.848446	
4105	2.775	0.848446	
4106	2.8	0.848446	
4107	2.825	0.848446	
4108	2.85	0.848446	
4109	2.875	0.848446	
4110	2.9	0.848446	
4111	2.925	0.848446	
4112	2.95	0.848446	
4113	2.975	0.848446	
4114	3	0.848446	
4115	0	0.85	
4116	0.025	0.85	
4117	0.05	0.85	
4118	0.075	0.85	
4119	0.1	0.85	
4120	0.125	0.85	
4121	0.15	0.85	
4122	0.175	0.85	
4123	0.2	0.85	
4124	0.225	0.85	
4125	0.25	0.85	
4126	0.275	0.85	
4127	0.3	0.85	
4128	0.325	0.85	
4129	0.35	0.85	
4130	0.375	0.85	
4131	0.4	0.85	
4132	0.425	0.85	
4133	0.45	0.85	
4134	0.475	0.85	
4135	0.5	0.85	
4136	0.525	0.851005	
4137	0.55	0.85201	
4138	0.575	0.853014	
4139	0.6	0.854019	
4140	0.625	0.855024	
4141	0.65	0.856029	
4142	0.675	0.857034	
4143	0.7	0.858038	
4144	0.725	0.859043	
4145	0.75	0.860048	
4146	0.775	0.861053	
4147	0.8	0.862058	
4148	0.825	0.863063	
4149	0.85	0.864067	
4150	0.875	0.865072	
4151	0.9	0.866077	
4152	0.925	0.867082	
4153	0.95	0.868087	
4154	0.975	0.869091	
4155	1	0.870096	
4156	1.025	0.870096	
4157	1.05	0.870096	
4158	1.075	0.870096	
4159	1.1	0.870096	
4160	1.125	0.870096	
4161	1.15	0.870096	
4162	1.175	0.870096	
4163	1.2	0.870096	
4164	1.225	0.870096	
4165	1.25	0.870096	
4166	1.275	0.870096	
4167	1.3	0.870096	
4168	1.325	0.870096	
4169	1.35	0.870096	
4170	1.375	0.870096	
4171	1.4	0.870096	
4172	1.425	0.870096	
4173	1.45	0.870096	
4174	1.475	0.870096	
4175	1.5	0.870096	
4176	1.525	0.870096	
4177	1.55	0.870096	
4178	1.575	0.870096	
4179	1.6	0.870096	
4180	1.625	0.870096	
4181	1.65	0.870096	
4182	1.675	0.870096	
4183	1.7	0.870096	
4184	1.725	0.870096	
4185	1.75	0.870096	
4186	1.775	0.870096	
4187	1.8	0.870096	
4188	1.825	0.870096	
4189	1.85	0.870096	
4190	1.875	0.870096	
4191	1.9	0.870096	
4192	1.925	0.870096	
4193	1.95	0.870096	
4194	1.975	0.870096	
4195	2	0.870096	
4196	2.025	0.870096	
4197	2.05	0.870096	
4198	2.075	0.870096	
4199	2.1	0.870096	
4200	2.125	0.870096	
4201	2.15	0.870096	
4202	2.175	0.870096	
4203	2.2	0.870096	
4204	2.225	0.870096	
4205	2.25	0.870096	
4206	2.275	0.870096	
4207	2.3	0.870096	
4208	2.325	0.870096	
4209	2.35	0.870096	
4210	2.375	0.870096	
4211	2.4	0.870096	
4212	2.425	0.870096	
4213	2.45	0.870096	
4214	2.475	0.870096	
4215	2.5	0.870096	
4216	2.525	0.870096	
4217	2.55	0.870096	
4218	2.575	0.870096	
4219	2.6	0.870096	
4220	2.625	0.870096	
4221	2.65	0.870096	
4222	2.675	0.870096	
4223	2.7	0.870096	
4224	2.725	0.870096	
4225	2.75	0.870096	
4226	2.775	0.870096	
4227	2.8	0.870096	
4228	2.825	0.870096	
4229	2.85	0.870096	
4230	2.875	0.870096	
4231	2.9	0.870096	
4232	2.925	0.870096	
4233	2.95	0.870096	
4234	2.975	0.870096	
4235	3	0.870096	
4236	0	0.875	
4237	0.025	0.875	
4238	0.05	0.875	
4239	0.075	0.875	
4240	0.1	0.875	
4241	0.125	0.875	
4242	0.15	0.875	
4243	0.175	0.875	
4244	0.2	0.875	
4245	0.225	0.875	
4246	0.25	0.875	
4247	0.275	0.875	
4248	0.3	0.875	
4249	0.325	0.875	
4250	0.35	0.875	
4251	0.375	0.875	
4252	0.4	0.875	
4253	0.425	0.875	
4254	0.45	0.875	
4255	0.475	0.875	
4256	0.5	0.875	
4257	0.525	0.875837	
4258	0.55	0.876675	
4259	0.575	0.877512	
4260	0.6	0.878349	
4261	0.625	0.879187	
4262	0.65	0.880024	
4263	0.675	0.880861	
4264	0.7	0.881699	
4265	0.725	0.882536	
4266	0.75	0.883373	
4267	0.775	0.884211	
4268	0.8	0.885048	
4269	0.825	0.885885	
4270	0.85	0.886723	
4271	0.875	0.88756	
4272	0.9	0.888397	
4273	0.925	0.889235	
4274	0.95	0.890072	
4275	0.975	0.890909	
4276	1	0.891747	
4277	1.025	0.891747	
4278	1.05	0.891747	
4279	1.075	0.891747	
4280	1.1	0.891747	
4281	1.125	0.891747	
4282	1.15	0.891747	
4283	1.175	0.891747	
4284	1.2	0.891747	
4285	1.225	0.891747	
4286	1.25	0.891747	
4287	1.275	0.891747	
4288	1.3	0.891747	
4289	1.325	0.891747	
4290	1.35	0.891747	
4291	1.375	0.891747	
4292	1.4	0.891747	
4293	1.425	0.891747	
4294	1.45	0.891747	
4295	1.475	0.891747	
4296	1.5	0.891747	
4297	1.525	0.891747	
4298	1.55	0.891747	
4299	1.575	0.891747	
4300	1.6	0.891747	
4301	1.625	0.891747	
4302	1.65	0.891747	
4303	1.675	0.891747	
4304	1.7	0.891747	
4305	1.725	0.891747	
4306	1.75	0.891747	
4307	1.775	0.891747	
4308	1.8	0.891747	
4309	1.825	0.891747	
4310	1.85	0.891747	
4311	1.875	0.891747	
4312	1.9	0.891747	
4313	1.925	0.891747	
4314	1.95	0.891747	
4315	1.975	0.891747	
4316	2	0.891747	
4317	2.025	0.891747	
4318	2.05	0.891747	
4319	2.075	0.891747	
4320	2.1	0.891747	
4321	2.125	0.891747	
4322	2.15	0.891747	
4323	2.175	0.891747	
4324	2.2	0.891747	
4325	2.225	0.891747	
4326	2.25	0.891747	
4327	2.275	0.891747	
4328	2.3	0.891747	
4329	2.325	0.891747	
4330	2.35	0.891747	
4331	2.375	0.891747	
4332	2.4	0.891747	
4333	2.425	0.891747	
4334	2.45	0.891747	
4335	2.475	0.891747	
4336	2.5	0.891747	
4337	2.525	0.891747	
4338	2.55	0.891747	
4339	2.575	0.891747	
4340	2.6	0.891747	
4341	2.625	0.891747	
4342	2.65	0.891747	
4343	2.675	0.891747	
4344	2.7	0.891747	
4345	2.725	0.891747	
4346	2.75	0.891747	
4347	2.775	0.891747	
4348	2.8	0.891747	
4349	2.825	0.891747	
4350	2.85	0.891747	
4351	2.875	0.891747	
4352	2.9	0.891747	
4353	2.925	0.891747	
4354	2.95	0.891747	
4355	2.975	0.891747	
4356	3	0.891747	
4357	0	0.9	
4358	0.025	0.9	
4359	0.05	0.9	
4360	0.075	0.9	
4361	0.1	0.9	
4362	0.125	0.9	
4363	0.15	0.9	
4364	0.175	0.9	
4365	0.2	0.9	
4366	0.225	0.9	
4367	0.25	0.9	
4368	0.275	0.9	
4369	0.3	0.9	
4370	0.325	0.9	
4371	0.35	0.9	
4372	0.375	0.9	
4373	0.4	0.9	
4374	0.425	0.9	
4375	0.45	0.9	
4376	0.475	0.9	
4377	0.5	0.9	
4378	0.525	0.90067	
4379	0.55	0.90134	
4380	0.575	0.90201	
4381	0.6	0.902679	
4382	0.625	0.903349	
4383	0.65	0.904019	
4384	0.675	0.904689	
4385	0.7	0.905359	
4386	0.725	0.906029	
4387	0.75	0.906699	
4388	0.775	0.907369	
4389	0.8	0.908038	
4390	0.825	0.908708	
4391	0.85	0.909378	
4392	0.875	0.910048	
4393	0.9	0.910718	
4394	0.925	0.911388	
4395	0.95	0.912058	
4396	0.975	0.912728	
4397	1	0.913397	
4398	1.025	0.913397	
4399	1.05	0.913397	
4400	1.075	0.913397	
4401	1.1	0.913397	
4402	1.125	0.913397	
4403	1.15	0.913397	
4404	1.175	0.913397	
4405	1.2	0.913397	
4406	1.225	0.913397	
4407	1.25	0.913397	
4408	1.275	0.913397	
4409	1.3	0.913397	
4410	1.325	0.913397	
4411	1.35	0.913397	
4412	1.375	0.913397	
4413	1.4	0.913397	
4414	1.425	0.913397	
4415	1.45	0.913397	
4416	1.475	0.913397	
4417	1.5	0.913397	
4418	1.525	0.913397	
4419	1.55	0.913397	
4420	1.575	0.913397	
4421	1.6	0.913397	
4422	1.625	0.913397	
4423	1.65	0.913397	
4424	1.675	0.913397	
4425	1.7	0.913397	
4426	1.725	0.913397	
4427	1.75	0.913397	
4428	1.775	0.913397	
4429	1.8	0.913397	
4430	1.825	0.913397	
4431	1.85	0.913397	
4432	1.875	0.913397	
4433	1.9	0.913397	
4434	1.925	0.913397	
4435	1.95	0.913397	
4436	1.975	0.913397	
4437	2	0.913397	
4438	2.025	0.913397	
4439	2.05	0.913397	
4440	2.075	0.913397	
4441	2.1	0.913397	
4442	2.125	0.913397	
4443	2.15	0.913397	
4444	2.175	0.913397	
4445	2.2	0.913397	
4446	2.225	0.913397	
4447	2.25	0.913397	
4448	2.275	0.913397	
4449	2.3	0.913397	
4450	2.325	0.913397	
4451	2.35	0.913397	
4452	2.375	0.913397	
4453	2.4	0.913397	
4454	2.425	0.913397	
4455	2.45	0.913397	
4456	2.475	0.913397	
4457	2.5	0.913397	
4458	2.525	0.913397	
4459	2.55	0.913397	
4460	2.575	0.913397	
4461	2.6	0.913397	
4462	2.625	0.913397	
4463	2.65	0.913397	
4464	2.675	0.913397	
4465	2.7	0.913397	
4466	2.725	0.913397	
4467	2.75	0.913397	
4468	2.775	0.913397	
4469	2.8	0.913397	
4470	2.825	0.913397	
4471	2.85	0.913397	
4472	2.875	0.913397	
4473	2.9	0.913397	
4474	2.925	0.913397	
4475	2.95	0.913397	
4476	2.975	0.913397	
4477	3	0.913397	
4478	0	0.925	
4479	0.025	0.925	
4480	0.05	0.925	
4481	0.075	0.925	
4482	0.1	0.925	
4483	0.125	0.925	
4484	0.15	0.925	
4485	0.175	0.925	
4486	0.2	0.925	
4487	0.225	0.925	
4488	0.25	0.925	
4489	0.275	0.925	
4490	0.3	0.925	
4491	0.325	0.925	
4492	0.35	0.925	
4493	0.375	0.925	
4494	0.4	0.925	
4495	0.425	0.925	
4496	0.45	0.925	
4497	0.475	0.925	
4498	0.5	0.925	
4499	0.525	0.925502	
4500	0.55	0.926005	
4501	0.575	0.926507	
4502	0.6	0.92701	
4503	0.625	0.927512	
4504	0.65	0.928014	
4505	0.675	0.928517	
4506	0.7	0.929019	
4507	0.725	0.929522	
4508	0.75	0.930024	
4509	0.775	0.930526	
4510	0.8	0.931029	
4511	0.825	0.931531	
4512	0.85	0.932034	
4513	0.875	0.932536	
4514	0.9	0.933038	
4515	0.925	0.933541	
4516	0.95	0.934043	
4517	0.975	0.934546	
4518	1	0.935048	
4519	1.025	0.935048	
4520	1.05	0.935048	
4521	1.075	0.935048	
4522	1.1	0.935048	
4523	1.125	0.935048	
4524	1.15	0.935048	
4525	1.175	0.935048	
4526	1.2	0.935048	
4527	1.225	0.935048	
4528	1.25	0.935048	
4529	1.275	0.935048	
4530	1.3	0.935048	
4531	1.325	0.935048	
4532	1.35	0.935048	
4533	1.375	0.935048	
4534	1.4	0.935048	
4535	1.425	0.935048	
4536	1.45	0.935048	
4537	1.475	0.935048	
4538	1.5	0.935048	
4539	1.525	0.935048	
4540	1.55	0.935048	
4541	1.575	0.935048	
4542	1.6	0.935048	
4543	1.625	0.935048	
4544	1.65	0.935048	
4545	1.675	0.935048	
4546	1.7	0.935048	
4547	1.725	0.935048	
4548	1.75	0.935048	
4549	1.775	0.935048	
4550	1.8	0.935048	
4551	1.825	0.935048	
4552	1.85	0.935048	
4553	1.875	0.935048	
4554	1.9	0.935048	
4555	1.925	0.935048	
4556	1.95	0.935048	
4557	1.975	0.935048	
4558	2	0.935048	
4559	2.025	0.935048	
4560	2.05	0.935048	
4561	2.075	0.935048	
4562	2.1	0.935048	
4563	2.125	0.935048	
4564	2.15	0.935048	
4565	2.175	0.935048	
4566	2.2	0.935048	
4567	2.225	0.935048	
4568	2.25	0.935048	
4569	2.275	0.935048	
4570	2.3	0.935048	
4571	2.325	0.935048	
4572	2.35	0.935048	
4573	2.375	0.935048	
4574	2.4	0.935048	
4575	2.425	0.935048	
4576	2.45	0.935048	
4577	2.475	0.935048	
4578	2.5	0.935048	
4579	2.525	0.935048	
4580	2.55	0.935048	
4581	2.575	0.935048	
4582	2.6	0.935048	
4583	2.625	0.935048	
4584	2.65	0.935048	
4585	2.675	0.935048	
4586	2.7	0.935048	
4587	2.725	0.935048	
4588	2.75	0.935048	
4589	2.775	0.935048	
4590	2.8	0.935048	
4591	2.825	0.935048	
4592	2.85	0.935048	
4593	2.875	0.935048	
4594	2.9	0.935048	
4595	2.925	0.935048	
4596	2.95	0.935048	
4597	2.975	0.935048	
4598	3	0.935048	
4599	0	0.95	
4600	0.025	0.95	
4601	0.05	0.95	
4602	0.075	0.95	
4603	0.1	0.95	
4604	0.125	0.95	
4605	0.15	0.95	
4606	0.175	0.95	
4607	0.2	0.95	
4608	0.225	0.95	
4609	0.25	0.95	
4610	0.275	0.95	
4611	0.3	0.95	
4612	0.325	0.95	
4613	0.35	0.95	
4614	0.375	0.95	
4615	0.4	0.95	
4616	0.425	0.95	
4617	0.45	0.95	
4618	0.475	0.95	
4619	0.5	0.95	
4620	0.525	0.950335	
4621	0.55	0.95067	
4622	0.575	0.951005	
4623	0.6	0.95134	
4624	0.625	0.951675	
4625	0.65	0.95201	
4626	0.675	0.952345	
4627	0.7	0.952679	
4628	0.725	0.953014	
4629	0.75	0.953349	
4630	0.775	0.953684	
4631	0.8	0.954019	
4632	0.825	0.954354	
4633	0.85	0.954689	
4634	0.875	0.955024	
4635	0.9	0.955359	
4636	0.925	0.955694	
4637	0.95	0.956029	
4638	0.975	0.956364	
4639	1	0.956699	
4640	1.025	0.956699	
4641	1.05	0.956699	
4642	1.075	0.956699	
4643	1.1	0.956699	
4644	1.125	0.956699	
4645	1.15	0.956699	
4646	1.175	0.956699	
4647	1.2	0.956699	
4648	1.225	0.956699	
4649	1.25	0.956699	
4650	1.275	0.956699	
4651	1.3	0.956699	
4652	1.325	0.956699	
4653	1.35	0.956699	
4654	1.375	0.956699	
4655	1.4	0.956699	
4656	1.425	0.956699	
4657	1.45	0.956699	
4658	1.475	0.956699	
4659	1.5	0.956699	
4660	1.525	0.956699	
4661	1.55	0.956699	
4662	1.575	0.956699	
4663	1.6	0.956699	
4664	1.625	0.956699	
4665	1.65	0.956699	
4666	1.675	0.956699	
4667	1.7	0.956699	
4668	1.725	0.956699	
4669	1.75	0.956699	
4670	1.775	0.956699	
4671	1.8	0.956699	
4672	1.825	0.956699	
4673	1.85	0.956699	
4674	1.875	0.956699	
4675	1.9	0.956699	
4676	1.925	0.956699	
4677	1.95	0.956699	
4678	1.975	0.956699	
4679	2	0.956699	
4680	2.025	0.956699	
4681	2.05	0.956699	
4682	2.075	0.956699	
4683	2.1	0.956699	
4684	2.125	0.956699	
4685	2.15	0.956699	
4686	2.175	0.956699	
4687	2.2	0.956699	
4688	2.225	0.956699	
4689	2.25	0.956699	
4690	2.275	0.956699	
4691	2.3	0.956699	
4692	2.325	0.956699	
4693	2.35	0.956699	
4694	2.375	0.956699	
4695	2.4	0.956699	
4696	2.425	0.956699	
4697	2.45	0.956699	
4698	2.475	0.956699	
4699	2.5	0.956699	
4700	2.525	0.956699	
4701	2.55	0.956699	
4702	2.575	0.956699	
4703	2.6	0.956699	
4704	2.625	0.956699	
4705	2.65	0.956699	
4706	2.675	0.956699	
4707	2.7	0.956699	
4708	2.725	0.956699	
4709	2.75	0.956699	
4710	2.775	0.956699	
4711	2.8	0.956699	
4712	2.825	0.956699	
4713	2.85	0.956699	
4714	2.875	0.956699	
4715	2.9	0.956699	
4716	2.925	0.956699	
4717	2.95	0.956699	
4718	2.975	0.956699	
4719	3	0.956699	
4720	0	0.975	
4721	0.025	0.975	
4722	0.05	0.975	
4723	0.075	0.975	
4724	0.1	0.975	
4725	0.125	0.975	
4726	0.15	0.975	
4727	0.175	0.975	
4728	0.2	0.975	
4729	0.225	0.975	
4730	0.25	0.975	
4731	0.275	0.975	
4732	0.3	0.975	
4733	0.325	0.975	
4734	0.35	0.975	
4735	0.375	0.975	
4736	0.4	0.975	
4737	0.425	0.975	
4738	0.45	0.975	
4739	0.475	0.975	
4740	0.5	0.975	
4741	0.525	0.975167	
4742	0.55	0.975335	
4743	0.575	0.975502	
4744	0.6	0.97567	
4745	0.625	0.975837	
4746	0.65	0.976005	
4747	0.675	0.976172	
4748	0.7	0.97634	
4749	0.725	0.976507	
4750	0.75	0.976675	
4751	0.775	0.976842	
4752	0.8	0.97701	
4753	0.825	0.977177	
4754	0.85	0.977345	
4755	0.875	0.977512	
4756	0.9	0.977679	
4757	0.925	0.977847	
4758	0.95	0.978014	
4759	0.975	0.978182	
4760	1	0.978349	
4761	1.025	0.978349	
4762	1.05	0.978349	
4763	1.075	0.978349	
4764	1.1	0.978349	
4765	1.125	0.978349	
4766	1.15	0.978349	
4767	1.175	0.978349	
4768	1.2	0.978349	
4769	1.225	0.978349	
4770	1.25	0.978349	
4771	1.275	0.978349	
4772	1.3	0.978349	
4773	1.325	0.978349	
4774	1.35	0.978349	
4775	1.375	0.978349	
4776	1.4	0.978349	
4777	1.425	0.978349	
4778	1.45	0.978349	
4779	1.475	0.978349	
4780	1.5	0.978349	
4781	1.525	0.978349	
4782	1.55	0.978349	
4783	1.575	0.978349	
4784	1.6	0.978349	
4785	1.625	0.978349	
4786	1.65	0.978349	
4787	1.675	0.978349	
4788	1.7	0.978349	
4789	1.725	0.978349	
4790	1.75	0.978349	
4791	1.775	0.978349	
4792	1.8	0.978349	
4793	1.825	0.978349	
4794	1.85	0.978349	
4795	1.875	0.978349	
4796	1.9	0.978349	
4797	1.925	0.978349	
4798	1.95	0.978349	
4799	1.975	0.978349	
4800	2	0.978349	
4801	2.025	0.978349	
4802	2.05	0.978349	
4803	2.075	0.978349	
4804	2.1	0.978349	
4805	2.125	0.978349	
4806	2.15	0.978349	
4807	2.175	0.978349	
4808	2.2	0.978349	
4809	2.225	0.978349	
4810	2.25	0.978349	
4811	2.275	0.978349	
4812	2.3	0.978349	
4813	2.325	0.978349	
4814	2.35	0.978349	
4815	2.375	0.978349	
4816	2.4	0.978349	
4817	2.425	0.978349	
4818	2.45	0.978349	
4819	2.475	0.978349	
4820	2.5	0.978349	
4821	2.525	0.978349	
4822	2.55	0.978349	
4823	2.575	0.978349	
4824	2.6	0.978349	
4825	2.625	0.978349	
4826	2.65	0.978349	
4827	2.675	0.978349	
4828	2.7	0.978349	
4829	2.725	0.978349	
4830	2.75	0.978349	
4831	2.775	0.978349	
4832	2.8	0.978349	
4833	2.825	0.978349	
4834	2.85	0.978349	
4835	2.875	0.978349	
4836	2.9	0.978349	
4837	2.925	0.978349	
4838	2.95	0.978349	
4839	2.975	0.978349	
4840	3	0.978349	
4841	0	1	
4842	0.025	1	
4843	0.05	1	
4844	0.075	1	
4845	0.1	1	
4846	0.125	1	
4847	0.15	1	
4848	0.175	1	
4849	0.2	1	
4850	0.225	1	
4851	0.25	1	
4852	0.275	1	
4853	0.3	1	
4854	0.325	1	
4855	0.35	1	
4856	0.375	1	
4857	0.4	1	
4858	0.425	1	
4859	0.45	1	
4860	0.475	1	
4861	0.5	1	
4862	0.525	1	
4863	0.55	1	
4864	0.575	1	
4865	0.6	1	
4866	0.625	1	
4867	0.65	1	
4868	0.675	1	
4869	0.7	1	
4870	0.725	1	
4871	0.75	1	
4872	0.775	1	
4873	0.8	1	
4874	0.825	1	
4875	0.85	1	
4876	0.875	1	
4877	0.9	1	
4878	0.925	1	
4879	0.95	1	
4880	0.975	1	
4881	1	1	
4882	1.025	1	
4883	1.05	1	
4884	1.075	1	
4885	1.1	1	
4886	1.125	1	
4887	1.15	1	
4888	1.175	1	
4889	1.2	1	
4890	1.225	1	
4891	1.25	1	
4892	1.275	1	
4893	1.3	1	
4894	1.325	1	
4895	1.35	1	
4896	1.375	1	
4897	1.4	1	
4898	1.425	1	
4899	1.45	1	
4900	1.475	1	
4901	1.5	1	
4902	1.525	1	
4903	1.55	1	
4904	1.575	1	
4905	1.6	1	
4906	1.625	1	
4907	1.65	1	
4908	1.675	1	
4909	1.7	1	
4910	1.725	1	
4911	1.75	1	
4912	1.775	1	
4913	1.8	1	
4914	1.825	1	
4915	1.85	1	
4916	1.875	1	
4917	1.9	1	
4918	1.925	1	
4919	1.95	1	
4920	1.975	1	
4921	2	1	
4922	2.025	1	
4923	2.05	1	
4924	2.075	1	
4925	2.1	1	
4926	2.125	1	
4927	2.15	1	
4928	2.175	1	
4929	2.2	1	
4930	2.225	1	
4931	2.25	1	
4932	2.275	1	
4933	2.3	1	
4934	2.325	1	
4935	2.35	1	
4936	2.375	1	
4937	2.4	1	
4938	2.425	1	
4939	2.45	1	
4940	2.475	1	
4941	2.5	1	
4942	2.525	1	
4943	2.55	1	
4944	2.575	1	
4945	2.6	1	
4946	2.625	1	
4947	2.65	1	
4948	2.675	1	
4949	2.7	1	
4950	2.725	1	
4951	2.75	1	
4952	2.775	1	
4953	2.8	1	
4954	2.825	1	
4955	2.85	1	
4956	2.875	1	
4957	2.9	1	
4958	2.925	1	
4959	2.95	1	
4960	2.975	1	
4961	3	1	
